SARSAT 7 (NOAA 15)      
1 25338U 98030A   23237.04279269  .00000232  00000+0  11432-3 0  9997
2 25338  98.6029 264.9120 0011514 111.1619 249.0793 14.26377339315078
GPS BIIR-08             
1 27663U 03005A   23236.03765455  .00000074  00000+0  00000+0 0  9992
2 27663  55.2515 255.8603 0131603  44.6372 318.6023  2.00566660150693
GPS BIIR-11             
1 28190U 04009A   23236.88032413 -.00000048  00000+0  00000+0 0  9999
2 28190  55.6986 316.8856 0093021 138.1404 269.9622  2.00567573142349
GPS BIIR-13             
1 28474U 04045A   23236.72720830 -.00000074  00000+0  00000+0 0  9993
2 28474  55.4424   6.1170 0161976 282.2767  70.2622  2.00579514137812
SARSAT 10 (NOAA 18)     
1 28654U 05018A   23237.10810769  .00000229  00000+0  14639-3 0  9996
2 28654  98.9059 311.1554 0014384 180.8755 179.2394 14.12993007941309
GPS BIIR-14M            
1 28874U 05038A   23236.86491604 -.00000043  00000+0  00000+0 0  9995
2 28874  55.7501 314.3380 0139253 279.3771 138.8024  2.00576131131236
METEOSAT-9 (MSG-2)      
1 28912U 05049B   23236.76233691  .00000131  00000+0  00000+0 0  9996
2 28912   6.9976  63.2317 0001771 177.0217  52.6755  1.00270453 64747
GOES 13                 
1 29155U 06018A   23236.92282434  .00000043  00000+0  00000+0 0  9992
2 29155   1.6857  90.8582 0004293 110.1292 165.5100  1.00270260 33076
GPS BIIR-16M            
1 29601U 06052A   23236.34148715  .00000078  00000+0  00000+0 0  9993
2 29601  55.2721 254.8065 0084178  79.3411 281.6551  2.00577041122790
GPS BIIR-17M            
1 32260U 07047A   23236.15659195 -.00000008  00000+0  00000+0 0  9995
2 32260  53.4598 122.6049 0150925  70.3347 291.3541  2.00551945116193
GPS BIIR-18M            
1 32384U 07062A   23236.51320692 -.00000046  00000+0  00000+0 0  9998
2 32384  55.8822 315.1714 0024940 149.4783 238.1126  2.00558180114906
SARSAT 12 (NOAA 19)     
1 33591U 09005A   23237.09049731  .00000208  00000+0  13649-3 0  9990
2 33591  99.0944 284.1011 0014577  52.3702 307.8789 14.12809252749677
GOES 14                 
1 35491U 09033A   23236.62535053 -.00000059  00000+0  00000+0 0  9995
2 35491   0.4655 266.3282 0004915 212.9766 329.8838  1.00271924 51806
GOES 15                 
1 36411U 10008A   23236.93364057 -.00000328  00000+0  00000+0 0  9999
2 36411   0.4384 275.3704 0003517 293.8373 235.7883  0.99985277 49347
GPS BIIF-2              
1 37753U 11036A   23236.73105510 -.00000067  00000+0  00000+0 0  9996
2 37753  56.7423  11.8783 0127221  56.2589 279.2586  2.00568418 88663
GSAT0101 (GALILEO-PFM)  
1 37846U 11060A   23235.56506989 -.00000072  00000+0  00000+0 0  9997
2 37846  57.1080   9.6178 0002172  73.6721 286.3597  1.70475926 73584
GSAT0102 (GALILEO-FM2)  
1 37847U 11060B   23235.48300281 -.00000072  00000+0  00000+0 0  9996
2 37847  57.1091   9.6199 0001355   6.9550 349.0089  1.70475344 73588
LUCH 5A                 
1 37951U 11074B   23236.68243910 -.00000044  00000+0  00000+0 0  9994
2 37951   6.1135  89.8826 0005127  49.9104 245.5731  1.00273568 42742
METEOSAT-10 (MSG-3)     
1 38552U 12035B   23236.59234994  .00000002  00000+0  00000+0 0  9995
2 38552   2.3107  57.1240 0000400 115.8524  12.9998  1.00279450 40557
SARSAT 13 (METOP-B)     
1 38771U 12049A   23237.14785868  .00000135  00000+0  81546-4 0  9992
2 38771  98.6732 295.3517 0001204 106.9241 315.9702 14.21505567567343
GPS BIIF-3              
1 38833U 12053A   23236.74734862  .00000043  00000+0  00000+0 0  9998
2 38833  53.5140 185.6254 0141287  51.7294 309.5180  2.00566992 78838
GSAT0103 (GALILEO-FM3)  
1 38857U 12055A   23236.19078294  .00000004  00000+0  00000+0 0  9992
2 38857  55.2779 129.7998 0003127 269.8942  90.1316  1.70473657 67481
GSAT0104 (GALILEO-FM4)  
1 38858U 12055B   23235.57366816  .00000007  00000+0  00000+0 0  9997
2 38858  55.2777 129.8185 0000748 276.0337  84.0210  1.70474036 67479
GPS BIIF-4              
1 39166U 13023A   23237.10791214 -.00000035  00000+0  00000+0 0  9993
2 39166  55.3654 310.5281 0114142  41.7682 319.1598  2.00564241 75277
INSAT-3D                
1 39216U 13038B   23236.88868887 -.00000151  00000+0  00000+0 0  9999
2 39216   0.0858 277.1548 0001389 277.3463 180.4520  1.00270426 36776
GPS BIIF-5              
1 39533U 14008A   23236.60728009  .00000053  00000+0  00000+0 0  9990
2 39533  53.6012 191.1873 0067263 215.7907 143.7430  2.00551087 69079
LUCH 5V                 
1 39727U 14023A   23236.71639476 -.00000264  00000+0  00000+0 0  9998
2 39727   2.5452  77.3104 0002830 114.8536 133.1703  1.00274994 34057
GPS BIIF-6              
1 39741U 14026A   23236.39042660 -.00000067  00000+0  00000+0 0  9995
2 39741  56.6952  11.4138 0028756 311.4899  48.2765  2.00557914 67929
GPS BIIF-7              
1 40105U 14045A   23236.47549918 -.00000006  00000+0  00000+0 0  9992
2 40105  54.8089 129.5066 0024427 113.0323 247.2835  2.00576962 65466
GSAT0201 (GALILEO 5)    
1 40128U 14050A   23235.48510386 -.00000064  00000+0  00000+0 0  9994
2 40128  49.9459 315.0419 1609429 139.9230 233.1586  1.85519150 59230
GSAT0202 (GALILEO 6)    
1 40129U 14050B   23236.28352871 -.00000059  00000+0  00000+0 0  9991
2 40129  49.9645 314.0813 1607267 140.7650 232.0863  1.85519729 61410
GPS BIIF-8              
1 40294U 14068A   23236.35381345 -.00000007  00000+0  00000+0 0  9992
2 40294  56.1670  70.8909 0049001  61.4818 299.0770  2.00571079 64590
GLONASS-K 2             
1 40315U 14075A   23236.15348103  .00000105  00000+0  00000+0 0  9995
2 40315  63.6412 226.0495 0020191 211.6570 148.2364  2.13101364 67945
GPS BIIF-9              
1 40534U 15013A   23236.98762593  .00000084  00000+0  00000+0 0  9991
2 40534  53.4692 246.7192 0079914  25.1430 335.2822  2.00555336 61644
GSAT0203 (GALILEO 7)    
1 40544U 15017A   23234.75797804 -.00000073  00000+0  00000+0 0  9991
2 40544  56.9037   9.6141 0002636 220.6603 139.3273  1.70476174 51658
GSAT0204 (GALILEO 8)    
1 40545U 15017B   23235.01156815 -.00000072  00000+0  00000+0 0  9992
2 40545  56.9096   9.6215 0003143 202.4166 157.5773  1.70475719 14708
GPS BIIF-10             
1 40730U 15033A   23236.65061816 -.00000035  00000+0  00000+0 0  9992
2 40730  54.8543 309.1657 0084916  14.0266 346.2719  2.00555815 59381
METEOSAT-11 (MSG-4)     
1 40732U 15034A   23236.89171595  .00000068  00000+0  00000+0 0  9992
2 40732   0.7127  51.7878 0000505 353.4347 257.8829  1.00274574 29710
GSAT0205 (GALILEO 9)    
1 40889U 15045A   23235.95268606  .00000071  00000+0  00000+0 0  9997
2 40889  55.3695 250.0110 0003313 357.2619   2.7777  1.70473446 49487
GSAT0206 (GALILEO 10)   
1 40890U 15045B   23235.58678725  .00000069  00000+0  00000+0 0  9992
2 40890  55.3688 250.0167 0002288 321.6410  38.3831  1.70473517 49505
GPS BIIF-11             
1 41019U 15062A   23235.20788423 -.00000013  00000+0  00000+0 0  9991
2 41019  56.1502  70.7854 0088591 221.0512 138.3426  2.00562202 57199
ELEKTRO-L 2             
1 41105U 15074A   23236.37451852 -.00000111  00000+0  00000+0 0  9991
2 41105   4.0761  83.0280 0002184 118.5473 251.1608  1.00271484 28208
GSAT0209 (GALILEO 12)   
1 41174U 15079A   23236.93164957  .00000002  00000+0  00000+0 0  9999
2 41174  55.2958 129.4863 0003374 325.7329  34.3058  1.70473871 47848
GSAT0208 (GALILEO 11)   
1 41175U 15079B   23235.97809943  .00000005  00000+0  00000+0 0  9997
2 41175  55.2939 129.5107 0002698 331.0949  28.9528  1.70473806 47665
GPS BIIF-12             
1 41328U 16007A   23236.29772921 -.00000005  00000+0  00000+0 0  9991
2 41328  55.0134 130.2895 0071701 234.5848 124.8010  2.00550731 55229
GSAT0211 (GALILEO 14)   
1 41549U 16030A   23235.51246533  .00000069  00000+0  00000+0 0  9990
2 41549  55.5160 249.9977 0003905 306.7822  53.2221  1.70473573 45134
GSAT0210 (GALILEO 13)   
1 41550U 16030B   23235.80400540  .00000071  00000+0  00000+0 0  9997
2 41550  55.5153 249.9908 0004222 272.8261  87.1666  1.70473648 45137
INSAT-3DR               
1 41752U 16054A   23236.86091178 -.00000072  00000+0  00000+0 0  9999
2 41752   0.0827  95.5949 0011229 168.6020  92.6060  1.00271714 25516
GSAT0207 (GALILEO 15)   
1 41859U 16069A   23236.05233696  .00000004  00000+0  00000+0 0  9991
2 41859  54.9580 129.5852 0003387 306.8605  53.1705  1.70473857 41874
GSAT0212 (GALILEO 16)   
1 41860U 16069B   23235.32043605  .00000007  00000+0  00000+0 0  9994
2 41860  54.9554 129.6023 0002566 348.2219  11.8362  1.70474033 42112
GSAT0213 (GALILEO 17)   
1 41861U 16069C   23234.51323833  .00000009  00000+0  00000+0 0  9991
2 41861  54.9575 129.6307 0003187 280.2221  79.8081  1.70472742 41968
GSAT0214 (GALILEO 18)   
1 41862U 16069D   23236.42022943  .00000003  00000+0  00000+0 0  9996
2 41862  54.9567 129.5718 0002116 288.8062  71.2320  1.70472461 42122
GOES 16                 
1 41866U 16071A   23236.57738205 -.00000241  00000+0  00000+0 0  9999
2 41866   0.0854 278.8220 0000452 254.1669 292.2533  1.00271157 24801
GSAT-17                 
1 42815U 17040B   23236.87202312 -.00000252  00000+0  00000+0 0  9991
2 42815   0.0597 278.7608 0002581 348.6723 112.8590  1.00270522 22481
GSAT0215 (GALILEO 19)   
1 43055U 17079A   23236.32247788  .00000073  00000+0  00000+0 0  9996
2 43055  55.4919 249.8015 0003769 267.4808  92.5182  1.70474215 35467
GSAT0216 (GALILEO 20)   
1 43056U 17079B   23236.02781840  .00000072  00000+0  00000+0 0  9995
2 43056  55.4925 249.8095 0005309 272.9611  87.0195  1.70474391 35477
GSAT0217 (GALILEO 21)   
1 43057U 17079C   23235.66158619  .00000070  00000+0  00000+0 0  9995
2 43057  55.4921 249.8185 0004688 284.8876  75.1008  1.70474332 35452
GSAT0218 (GALILEO 22)   
1 43058U 17079D   23237.05481251  .00000075  00000+0  00000+0 0  9997
2 43058  55.4902 249.7777 0005778 270.5115  89.4665  1.70474264 35470
GOES 17                 
1 43226U 18022A   23237.11021691 -.00000086  00000+0  00000+0 0  9991
2 43226   0.0047 299.3385 0002276 201.3103 127.4459  1.00271931 20138
GSAT0221 (GALILEO 25)   
1 43564U 18060A   23236.36791073 -.00000071  00000+0  00000+0 0  9996
2 43564  57.2843   9.4959 0002293 253.2125 106.7703  1.70476019 31648
GSAT0222 (GALILEO 26)   
1 43565U 18060B   23235.99939588 -.00000071  00000+0  00000+0 0  9990
2 43565  57.2877   9.5069 0003024 205.1952 154.7981  1.70475775 31689
GSAT0219 (GALILEO 23)   
1 43566U 18060C   23236.80832603 -.00000072  00000+0  00000+0 0  9993
2 43566  57.2868   9.4872 0001357 258.4273 101.5651  1.70476024 31676
GSAT0220 (GALILEO 24)   
1 43567U 18060D   23236.44214631 -.00000071  00000+0  00000+0 0  9998
2 43567  57.2864   9.4981 0001616 250.2487 109.7418  1.70475852 31656
BEIDOU-3 M13            
1 43622U 18072A   23236.26979564 -.00000004  00000+0  00000+0 0  9992
2 43622  55.7616  96.8358 0004899 300.8395  59.1965  1.86231642 33516
BEIDOU-3 M14            
1 43623U 18072B   23236.13525241 -.00000005  00000+0  00000+0 0  9999
2 43623  55.7633  96.8329 0003488 344.0921  15.9811  1.86231653 33503
GPS BIII-1              
1 43873U 18109A   23236.61635453 -.00000005  00000+0  00000+0 0  9997
2 43873  55.1896 132.7898 0025434 191.5684 294.0948  2.00568386 34462
METEOR-M2 2             
1 44387U 19038A   23237.11082297  .00000073  00000+0  51266-4 0  9997
2 44387  98.7818 200.8950 0002443  92.9772 267.1686 14.23800358215112
GPS BIII-2              
1 44506U 19056A   23236.57370208 -.00000068  00000+0  00000+0 0  9991
2 44506  55.8196  11.8674 0036459 184.3629 170.3164  2.00565367 29458
BEIDOU-3 M23            
1 44542U 19061A   23236.51404091  .00000093  00000+0  00000+0 0  9996
2 44542  54.4901 217.4256 0008345 336.4706  23.4857  1.86231450 26658
BEIDOU-3 M24            
1 44543U 19061B   23236.87532469  .00000091  00000+0  00000+0 0  9995
2 44543  54.4883 217.3830 0006013 319.8971 194.1638  1.86231728 26655
BEIDOU-3 M21            
1 44793U 19078A   23236.35933914 -.00000080  00000+0  00000+0 0  9992
2 44793  54.7642 335.6878 0004952  21.5844 338.4727  1.86232234 25508
BEIDOU-3 M22            
1 44794U 19078B   23235.41603950 -.00000081  00000+0  00000+0 0  9994
2 44794  54.7387 335.7027 0002888  16.8666 343.1801  1.86232681 25497
ELEKTRO-L 3             
1 44903U 19095A   23236.88868887 -.00000092  00000+0  00000+0 0  9991
2 44903   0.0574 307.9851 0001527 200.2541 220.6660  1.00271636 13394
GPS BIII-3              
1 45854U 20041A   23236.59887083 -.00000008  00000+0  00000+0 0  9994
2 45854  55.8725  69.1480 0035670 185.9885 130.2955  2.00563795 23426
COSMOS 2547             
1 46805U 20075A   23236.73410674  .00000107  00000+0  00000+0 0  9991
2 46805  64.6170 226.8601 0008721 244.0282 115.8993  2.13102943 22010
GPS BIII-4              
1 46826U 20078A   23236.87942689  .00000081  00000+0  00000+0 0  9999
2 46826  54.3175 252.4899 0035562 194.7017 299.6064  2.00562729 20902
GSAT0223 (GALILEO 27)   
1 49809U 21116A   23236.59409039 -.00000071  00000+0  00000+0 0  9993
2 49809  57.2778   9.3899 0003204 167.3988  16.1135  1.70476006 10668
GSAT0224 (GALILEO 28)   
1 49810U 21116B   23235.52858475 -.00000071  00000+0  00000+0 0  9999
2 49810  57.2789   9.4169 0002787 155.3163 206.7532  1.70476129 10675
GOES 18                 
1 51850U 22021A   23237.04146719  .00000102  00000+0  00000+0 0  9996
2 51850   0.0026  97.4891 0000509  28.3755  85.1046  1.00272268  5503
