SAUDISAT 1C             
1 27607U 02058C   21053.50438893  .00000051  00000-0  27748-4 0  9996
2 27607  64.5571 329.8388 0030291  69.5837 290.8514 14.75714016977598
SAUDISAT 2              
1 28371U 04025F   21053.58456599 -.00000130  00000-0 -19660-4 0  9996
2 28371  98.3132   6.3871 0026102 139.5059 220.8098 14.54413901883535
SAUDISAT 3              
1 31118U 07012B   21053.58447623  .00000021  00000-0  11732-4 0  9995
2 31118  97.9066   9.1650 0013808 286.8065  73.1626 14.69191781742644
PISAT                   
1 41784U 16059B   21053.38292274  .00000114  00000-0  30882-4 0  9994
2 41784  97.9846 108.6177 0030758 244.2969 115.5057 14.63589284235462
FLYING LAPTOP           
1 42831U 17042G   21053.55501878  .00000727  00000-0  78274-4 0  9990
2 42831  97.4885 289.2656 0014410 164.4998 195.6652 14.91245333196566
SALSAT                  
1 46495U 20068K   21053.58366447 -.00000099  00000-0 -27149-5 0  9996
2 46495  97.6830 351.8340 0017990  97.3440 262.9832 15.03336976 22076
