PROBA-1                 
1 26958U 01049B   21034.54534926 -.00000255  00000-0 -16325-4 0  9997
2 26958  97.7516 352.2850 0071904 207.9034 151.8322 14.95622388 49898
BIRD 2                  
1 26959U 01049C   21033.67142748  .00002106  00000-0  57847-4 0  9997
2 26959  97.8157  88.5163 0008018   8.5953 351.5427 15.38487689376257
CUTE-1 (CO-55)          
1 27844U 03031E   21033.97017573  .00000053  00000-0  43385-4 0  9995
2 27844  98.6821  44.2108 0010893 106.7511 253.4863 14.22285807912868
CUBESAT XI-IV (CO-57)   
1 27848U 03031J   21033.57164932  .00000040  00000-0  37903-4 0  9992
2 27848  98.6881  44.3864 0010707 119.6479 240.5766 14.21865990912649
GENESIS 1               
1 29252U 06029A   21033.81674059  .00000536  00000-0  35758-4 0  9992
2 29252  64.5212 267.9787 0026518 338.3321  21.6678 15.18455370803070
FALCONSAT-3             
1 30776U 07006E   21033.92192535  .00004411  00000-0  11094-3 0  9999
2 30776  35.4331 244.0004 0001363 120.3696 239.7167 15.39458573772357
GENESIS 2               
1 31789U 07028A   21033.83638268  .00000619  00000-0  40659-4 0  9992
2 31789  64.5073 309.9910 0027552 216.7372 143.1864 15.17594752750134
APRIZESAT 4             
1 35684U 09041D   21034.50139482  .00000052  00000-0  14605-4 0  9999
2 35684  98.2989  26.3241 0047726 150.4440 209.9484 14.79333777621348
APRIZESAT 3             
1 35686U 09041F   21034.13904814  .00000087  00000-0  15869-4 0  9990
2 35686  98.1531 103.8081 0073124  17.4010 342.9686 14.87464277624424
PROBA-2                 
1 36037U 09059B   21034.50459707  .00000012  00000-0  13767-4 0  9990
2 36037  98.2220 225.5532 0012864 202.5468 157.5165 14.53124714596884
APRIZESAT 5             
1 37792U 11044E   21034.54444554  .00000066  00000-0  17847-4 0  9996
2 37792  98.3916 248.2634 0058694 151.1372 209.3104 14.75453289509570
APRIZESAT 6             
1 37793U 11044F   21034.50739774  .00000055  00000-0  17428-4 0  9997
2 37793  98.4285 223.5904 0046623 191.6910 222.9476 14.72508762508580
TET-1                   
1 38710U 12039D   21034.37858651  .00004316  00000-0  70651-4 0  9994
2 38710  97.5755  80.7283 0003590  81.2019 278.9640 15.53102511479702
PROBA-V                 
1 39159U 13021A   21034.42015872 -.00000033  00000-0  39109-5 0  9997
2 39159  98.4300  88.5518 0005333 106.0648 254.1118 14.22995769402357
STPSAT-3                
1 39380U 13064A   21033.59551716  .00001718  00000-0  50520-4 0  9998
2 39380  40.4995 150.6339 0003599 248.0866 111.9566 15.38244313402226
APRIZESAT 7             
1 39416U 13066A   21034.51438357  .00000098  00000-0  17766-4 0  9993
2 39416  97.5321  36.3043 0040566 200.3713 159.5886 14.84033409390064
APRIZESAT 8             
1 39425U 13066K   21034.48035721  .00000063  00000-0  14432-4 0  9996
2 39425  97.5702  26.7466 0050597 234.9475 124.6987 14.81242396389362
BUGSAT-1 (TITA)         
1 40014U 14033E   21034.55649012  .00000951  00000-0  90605-4 0  9991
2 40014  98.0966   9.4819 0030005 246.4901 113.3158 14.95639124361550
SAUDISAT 4              
1 40016U 14033G   21033.60625648  .00000062  00000-0  16231-4 0  9993
2 40016  97.6819 249.9434 0047450 323.0788  36.7158 14.75329501356695
APRIZESAT 9             
1 40018U 14033J   21034.49596908  .00000035  00000-0  13490-4 0  9993
2 40018  97.6964 227.7754 0071790  16.8441 343.5125 14.70024945355471
APRIZESAT 10            
1 40019U 14033K   21034.47155970  .00000050  00000-0  16603-4 0  9998
2 40019  97.7245 217.0629 0085271  50.1888 310.6784 14.67081783354815
TDS 1                   
1 40076U 14037H   21034.54611050  .00000227  00000-0  34066-4 0  9998
2 40076  98.4453 234.1694 0006021 234.4054 125.6598 14.84640764355746
TIANTUO 2               
1 40144U 14053B   21034.32469183  .00000809  00000-0  25876-4 0  9991
2 40144  97.2333 119.1625 0011211 188.2757 244.6762 15.35235029358474
TECHNOSAT               
1 42829U 17042E   21034.52369211  .00000269  00000-0  32332-4 0  9992
2 42829  97.4891 271.0059 0012928 230.6867 129.3206 14.91212357193723
FLYING LAPTOP           
1 42831U 17042G   21034.09595317  .00000216  00000-0  27013-4 0  9997
2 42831  97.4898 270.7876 0012662 232.6355 127.3691 14.91235097193660
HAWK-A                  
1 43765U 18099H   21033.92745308  .00000361  00000-0  37030-4 0  9996
2 43765  97.6779 108.1123 0015539 140.3063 219.9288 14.96223874118430
HAWK-B                  
1 43794U 18099AN  21033.72722066  .00000107  00000-0  14599-4 0  9995
2 43794  97.6783 107.9131 0015934 142.6487 217.5846 14.96219938118392
HAWK-C                  
1 43799U 18099AT  21034.46267491  .00000148  00000-0  18173-4 0  9995
2 43799  97.6782 108.5513 0015941 140.1491 220.0904 14.96218354118501
SALSAT                  
1 46495U 20068K   21033.88183959  .00000355  00000-0  30599-4 0  9997
2 46495  97.6835 332.2843 0017660 161.5250 198.6618 15.03344131 19119
