NOAA 15                 
1 25338U 98030A   21053.50666246  .00000039  00000-0  34694-4 0  9999
2 25338  98.6956  82.9858 0009398 253.3290 106.6858 14.26014003184614
DMSP 5D-3 F15 (USA 147) 
1 25991U 99067A   21053.57818368 -.00000073  00000-0 -13528-4 0  9999
2 25991  99.0041  33.2685 0010800 108.3128   2.4790 14.16460942 95834
METEOSAT-8 (MSG-1)      
1 27509U 02040B   21053.57891500  .00000138  00000-0  00000-0 0  9997
2 27509   7.1659  53.0076 0001068 331.5069  18.2203  1.00280938 67792
DMSP 5D-3 F16 (USA 172) 
1 28054U 03048A   21053.58701198 -.00000030  00000-0  76870-5 0  9991
2 28054  98.9425  38.1537 0006588 230.5971 239.8281 14.13646687895123
NOAA 18                 
1 28654U 05018A   21053.55848750  .00000071  00000-0  62874-4 0  9991
2 28654  99.0097 117.8942 0013494 244.0291 115.9491 14.12583351812224
METEOSAT-9 (MSG-2)      
1 28912U 05049B   21053.34285339  .00000020  00000-0  00000-0 0  9990
2 28912   4.9592  69.0214 0001412 237.7720 332.7104  1.00265790 55573
FORMOSAT-3 FM6          
1 29047U 06011A   21053.42751890  .00000133  00000-0  68420-4 0  9998
2 29047  71.9798 319.7644 0050555 348.4600  11.5373 14.28795085777015
FORMOSAT-3 FM1          
1 29048U 06011B   21053.52183813  .00000074  00000-0  45658-4 0  9996
2 29048  71.9645 230.1836 0045058 307.5743  52.1304 14.28756366779513
FORMOSAT-3 FM5          
1 29049U 06011C   21053.36941176  .00000094  00000-0  53283-4 0  9998
2 29049  72.0205  43.5662 0035972 330.5124  29.3983 14.28832987775265
FORMOSAT-3 FM3          
1 29050U 06011D   21053.54275723  .00000171  00000-0  46274-4 0  9996
2 29050  72.0165 163.7313 0051477 231.6821 127.9699 14.59019451792909
FORMOSAT-3 FM4          
1 29051U 06011E   21053.43334047  .00000048  00000-0  34520-4 0  9994
2 29051  72.0056 305.0096 0069535 213.7898 145.8799 14.28867684777860
FORMOSAT-3 FM2          
1 29052U 06011F   21053.34481731  .00000080  00000-0  47724-4 0  9994
2 29052  72.0357  20.1390 0042189 291.2338  68.4295 14.28973925775385
EWS-G1 (GOES 13)        
1 29155U 06018A   21053.58284063  .00000038  00000-0  00000-0 0  9995
2 29155   0.4083 275.9479 0004525 335.6818 172.5679  1.00271161 23913
METOP-A                 
1 29499U 06044A   21052.90551248  .00000005  00000-0  21515-4 0  9994
2 29499  98.4895  96.6939 0000627 106.3540  20.3020 14.21498820744320
DMSP 5D-3 F17 (USA 191) 
1 29522U 06050A   21052.91362317  .00000029  00000-0  38089-4 0  9996
2 29522  98.7911  71.4016 0009864 182.0381 178.0753 14.14037285737964
FENGYUN 3A              
1 32958U 08026A   21053.52317868  .00000013  00000-0  26359-4 0  9997
2 32958  98.4368  32.6658 0008317 339.6106  20.4738 14.18647998660175
FENGYUN 2E              
1 33463U 08066A   21053.58790030 -.00000201  00000-0  00000-0 0  9996
2 33463   4.8652  67.6828 0004371 321.6710  61.6901  1.00265052 44639
NOAA 19                 
1 33591U 09005A   21053.51099869  .00000006  00000-0  28486-4 0  9991
2 33591  99.1922  71.3184 0014903  94.9026 265.3847 14.12452896620438
GOES 14                 
1 35491U 09033A   21053.61144042 -.00000091  00000-0  00000-0 0  9991
2 35491   0.0642 172.2468 0011162  56.1537  40.1332  1.00271358 42662
METEOR-M 1              
1 35865U 09049A   21053.54552158  .00000010  00000-0  23328-4 0  9998
2 35865  98.4671  36.2890 0002471 156.0388 204.0906 14.22264853593327
DMSP 5D-3 F18 (USA 210) 
1 35951U 09057A   21053.51549380  .00000076  00000-0  63142-4 0  9993
2 35951  98.6702  41.2883 0011517  20.6270 339.5366 14.13334066359008
GOES 15                 
1 36411U 10008A   21053.59454779  .00000057  00000-0  00000-0 0  9997
2 36411   0.1983 256.3392 0003495 124.6124 217.6849  1.00264952 40223
COMS 1                  
1 36744U 10032A   21053.52439252 -.00000342  00000-0  00000-0 0  9993
2 36744   0.0237 130.4634 0000797 189.5544 149.5929  1.00273515 31634
FENGYUN 3B              
1 37214U 10059A   21053.51477534  .00000020  00000-0  33875-4 0  9991
2 37214  99.0735  45.4366 0016031 279.9489 187.0301 14.15976583533021
SUOMI NPP               
1 37849U 11061A   21052.83913795  .00000004  00000-0  22850-4 0  9990
2 37849  98.7274 353.1173 0000575  81.9843 298.0088 14.19551316483010
FENGYUN 2F              
1 38049U 12002A   21053.30577926 -.00000355  00000-0  00000-0 0  9993
2 38049   2.6415  82.6306 0004411  24.6271 267.2540  1.00264207 33421
METEOSAT-10 (MSG-3)     
1 38552U 12035B   21053.04146323  .00000067  00000-0  00000-0 0  9991
2 38552   1.2222 359.5993 0001129  24.6977 152.1467  1.00277802 31394
METOP-B                 
1 38771U 12049A   21052.81020502 -.00000005  00000-0  17532-4 0  9998
2 38771  98.6957 114.5134 0001649  39.7662  53.4283 14.21498114437457
FENGYUN 3C              
1 39260U 13052A   21053.44082120 -.00000004  00000-0  19024-4 0  9998
2 39260  98.5164  99.3287 0010444 211.3470 148.7091 14.15859672383994
METEOR-M 2              
1 40069U 14037A   21053.42525260 -.00000048  00000-0 -30855-5 0  9991
2 40069  98.4751  87.1259 0004360 278.8251  81.2440 14.20680904343703
HIMAWARI-8              
1 40267U 14060A   21053.52966258 -.00000274  00000-0  00000-0 0  9998
2 40267   0.0445 185.8097 0001177 145.3827 152.7584  1.00270524 23309
FENGYUN 2G              
1 40367U 14090A   21048.63764653 -.00000303  00000-0  00000-0 0  9996
2 40367   0.7235  92.2983 0002406 313.5641  71.2550  1.00271697 22532
METEOSAT-11 (MSG-4)     
1 40732U 15034A   21053.35515480 -.00000004  00000-0  00000-0 0  9996
2 40732   0.2537 253.4630 0000647  13.9927  12.5948  1.00267803 20587
ELEKTRO-L 2             
1 41105U 15074A   21050.19458825 -.00000114  00000-0  00000+0 0  9994
2 41105   1.7927  94.0269 0001348 157.2909 313.5812  1.00270489 19024
HIMAWARI-9              
1 41836U 16064A   21053.52546163 -.00000273  00000-0  00000-0 0  9995
2 41836   0.0252 249.5513 0000788  93.3297 139.6507  1.00273595 15737
GOES 16                 
1 41866U 16071A   21053.34910523 -.00000246  00000-0  00000-0 0  9991
2 41866   0.0516 294.2631 0001724  55.2164 213.4579  1.00271698 15655
FENGYUN 4A              
1 41882U 16077A   21053.59147697 -.00000328  00000-0  00000-0 0  9997
2 41882   0.1231  89.4501 0004338 345.3511  35.5290  1.00271826 15523
CYGFM05                 
1 41884U 16078A   21053.41548215  .00000661  00000-0  36391-4 0  9997
2 41884  34.9570 307.0135 0014973 120.4682 239.7510 15.14891932231984
CYGFM04                 
1 41885U 16078B   21053.36662230  .00000645  00000-0  35022-4 0  9998
2 41885  34.9498 299.1529 0013464 133.1056 227.0783 15.15398662232001
CYGFM02                 
1 41886U 16078C   21053.35989079  .00000652  00000-0  35440-4 0  9993
2 41886  34.9590 301.1055 0014151 128.1199 232.0790 15.15397685232063
CYGFM01                 
1 41887U 16078D   21053.41570015  .00000651  00000-0  36040-4 0  9993
2 41887  34.9537 308.5433 0015451 120.6365 239.5872 15.14686193231934
CYGFM08                 
1 41888U 16078E   21053.40448018  .00000665  00000-0  36350-4 0  9999
2 41888  34.9505 303.3425 0014696 129.4306 230.7708 15.15101540232050
CYGFM06                 
1 41889U 16078F   21053.07614878  .00000649  00000-0  35273-4 0  9997
2 41889  34.9584 301.5629 0013096 125.4747 234.7188 15.15387775231985
CYGFM07                 
1 41890U 16078G   21053.38415351  .00000667  00000-0  36219-4 0  9999
2 41890  34.9523 298.6261 0012916 132.2767 227.9041 15.15387521232023
CYGFM03                 
1 41891U 16078H   21053.38084047  .00000656  00000-0  35658-4 0  9998
2 41891  34.9555 298.9724 0012405 130.7826 229.3963 15.15373864232022
FENGYUN 3D              
1 43010U 17072A   21053.41122730 -.00000003  00000-0  19457-4 0  9990
2 43010  98.7781 356.2113 0002592  80.7861 279.3606 14.19761289169668
NOAA 20                 
1 43013U 17073A   21052.80023007  .00000008  00000-0  24509-4 0  9991
2 43013  98.7439 353.1725 0001130  70.6207 289.5091 14.19550946169033
GOES 17                 
1 43226U 18022A   21052.60993000  .00000101  00000-0  00000-0 0  9999
2 43226   0.0649 279.6931 0000605  53.3276 261.0583  1.00272090 10942
FENGYUN 2H              
1 43491U 18050A   21053.58633005 -.00000125  00000-0  00000-0 0  9995
2 43491   0.0979 224.6467 0002413 266.7213 311.5363  1.00268745 10057
METOP-C                 
1 43689U 18087A   21052.75914481 -.00000004  00000-0  18143-4 0  9999
2 43689  98.7028 114.8800 0002368  18.1707 341.9554 14.21491455119010
GEO-KOMPSAT-2A          
1 43823U 18100A   21053.53521698 -.00000342  00000-0  00000-0 0  9990
2 43823   0.0472 293.6461 0002143   3.4845 176.4320  1.00271722  8160
IOD-1 GEMS              
1 44385U 98067QK  21053.48191178  .00175569  00000-0  78051-3 0  9991
2 44385  51.6340 140.9913 0002962 325.4035  34.6775 15.83287225 93718
METEOR-M2 2             
1 44387U 19038A   21053.42383566 -.00000034  00000-0  43192-5 0  9997
2 44387  98.6553  14.9534 0000762 164.7362 195.3840 14.23685458 85104
