SPACEBEE-7              
1 43816U 18099BL  23237.11928656  .00008463  00000+0  62213-3 0  9991
2 43816  97.5932 300.6386 0011223 217.7734 142.2705 15.03609752257660
SPACEBEE-5              
1 43817U 18099BM  23237.42243522  .00044993  00000+0  19260-2 0  9999
2 43817  97.5863 309.8821 0004785 195.1606 164.9488 15.22645255258211
SPACEBEE-6              
1 43818U 18099BN  23237.42789801  .00012416  00000+0  81350-3 0  9990
2 43818  97.5839 303.3132 0010812 230.4952 129.5321 15.07806559257990
SPACEBEE-62             
1 47429U 21006S   23237.15765958  .00038046  00000+0  10683-2 0  9998
2 47429  97.3797 297.5867 0009854 177.7014 182.4277 15.36399114143424
SPACEBEE-63             
1 47442U 21006AF  23237.09113180  .00027998  00000+0  96501-3 0  9998
2 47442  97.3842 293.4909 0004545 192.3492 167.7637 15.29964112143117
SPACEBEE-55             
1 47459U 21006AY  23236.39233073  .00028619  00000+0  89124-3 0  9996
2 47459  97.3759 294.1813 0008301 194.0432 166.0580 15.33206406143165
SPACEBEE-57             
1 47465U 21006BE  23236.91850767  .00027705  00000+0  95975-3 0  9992
2 47465  97.3779 292.5503 0004024 194.7608 165.3515 15.29804385143088
SPACEBEENZ-10           
1 48882U 21059D   23236.84315999  .00425394  00000+0  24388-2 0  9994
2 48882  97.5790  22.2189 0008281 283.5854  76.4489 15.77606010120360
SPACEBEE-100            
1 48883U 21059E   23237.35042238  .00041259  00000+0  11468-2 0  9994
2 48883  97.6002  16.1603 0004979  25.5035 334.6454 15.36735245119992
SPACEBEE-101            
1 48884U 21059F   23236.82104397  .00038099  00000+0  10956-2 0  9990
2 48884  97.6013  15.3545 0004815  32.8121 327.3420 15.35690060119892
SPACEBEE-102            
1 48886U 21059H   23237.38398475  .00039698  00000+0  11317-2 0  9994
2 48886  97.6010  15.9845 0004775  29.5687 330.5825 15.35953600119982
SPACEBEENZ-9            
1 48887U 21059J   23237.39842109  .00437058  00000+0  23640-2 0  9998
2 48887  97.5781  22.8342 0008508 283.4173  76.6145 15.78884428120450
SPACEBEE-103            
1 48888U 21059K   23237.08074551  .00042504  00000+0  11697-2 0  9990
2 48888  97.6018  16.1157 0004900  26.1958 333.9532 15.37038956119965
SPACEBEENZ-7            
1 48889U 21059L   23237.36635011  .00543980  00000+0  25057-2 0  9995
2 48889  97.5772  23.3976 0009006 284.4296  75.5973 15.82149802120476
SPACEBEE-104            
1 48890U 21059M   23237.38936722  .00041783  00000+0  11358-2 0  9995
2 48890  97.6009  16.4131 0004826  25.0143 335.1334 15.37426093120019
SPACEBEENZ-8            
1 48891U 21059N   23237.35342682  .00402933  00000+0  23863-2 0  9991
2 48891  97.5829  22.9912 0007987 285.6983  74.3401 15.76929565120444
SPACEBEE-106            
1 48893U 21059Q   23237.37901316  .00038395  00000+0  10957-2 0  9997
2 48893  97.6031  16.3576 0005389  30.8184 329.3375 15.35925368119995
SPACEBEE-107            
1 48894U 21059R   23236.61625791  .00042446  00000+0  11246-2 0  9998
2 48894  97.6025  16.3189 0005017  28.5024 331.6494 15.38215324119922
SPACEBEE-108            
1 48895U 21059S   23237.36629806  .00038606  00000+0  10979-2 0  9998
2 48895  97.6027  16.3362 0005523  28.5997 331.5548 15.36032483119996
SPACEBEE-105            
1 48896U 21059T   23237.36732925  .00042398  00000+0  11566-2 0  9992
2 48896  97.6011  16.3037 0005114  14.1245 346.0141 15.37311520120009
SPACEBEE-109            
1 48897U 21059U   23236.63193745  .00040252  00000+0  10858-2 0  9993
2 48897  97.6035  16.1045 0005204  28.3914 331.7612 15.37670771119911
SPACEBEE-110            
1 48899U 21059W   23237.35412055  .00043324  00000+0  11582-2 0  9991
2 48899  97.6032  17.1896 0005343  19.8943 340.2508 15.37932050120042
SPACEBEE-111            
1 48904U 21059AB  23236.62637968  .00043725  00000+0  11043-2 0  9996
2 48904  97.6039  17.1519 0005605  20.8333 339.3140 15.39677760119971
SPACEBEE-121            
1 52009U 22026B   23236.98498137  .00043052  00000+0  11879-2 0  9994
2 52009  97.5042 241.7599 0017929 182.2306 177.8861 15.36802599 80185
SPACEBEE-114            
1 52010U 22026C   23236.80442651  .00041769  00000+0  11193-2 0  9999
2 52010  97.5067 242.0067 0017186 182.1012 178.0164 15.37729859 80183
SPACEBEE-126            
1 52011U 22026D   23236.74448192  .00042256  00000+0  11315-2 0  9997
2 52011  97.5054 241.8365 0017553 180.5190 179.6040 15.37743151 80164
SPACEBEE-118            
1 52012U 22026E   23236.99980451  .00046591  00000+0  12250-2 0  9999
2 52012  97.5051 242.4505 0016781 182.5166 177.5997 15.38298062 80235
SPACEBEE-120            
1 52013U 22026F   23236.82187293  .00045724  00000+0  12168-2 0  9990
2 52013  97.5046 242.0256 0018418 178.3542 181.7766 15.37900465 80180
SPACEBEE-122            
1 52014U 22026G   23236.76906775  .00043266  00000+0  11333-2 0  9990
2 52014  97.5036 242.0946 0017224 180.1844 179.9397 15.38423627 80186
SPACEBEE-119            
1 52015U 22026H   23236.44238481  .00038270  00000+0  10499-2 0  9999
2 52015  97.5059 241.3791 0017936 184.1474 175.9624 15.37007921 80100
SPACEBEE-115            
1 52016U 22026J   23236.98226675  .00042641  00000+0  11762-2 0  9992
2 52016  97.5069 242.0723 0017885 181.6519 178.4669 15.36815338 80194
SPACEBEENZ-14           
1 52018U 22026L   23236.99657307  .00090308  00000+0  16621-2 0  9997
2 52018  97.4987 244.3474 0016116 168.0650 192.0986 15.48721450 80359
SPACEBEENZ-11           
1 52019U 22026M   23237.00917039  .00114016  00000+0  18502-2 0  9995
2 52019  97.4966 244.9211 0015649 166.4485 193.7191 15.52204528 80353
SPACEBEE-127            
1 52020U 22026N   23236.74759665  .00036147  00000+0  10272-2 0  9990
2 52020  97.5062 241.5388 0018295 183.2676 176.8451 15.35916235 80098
SPACEBEE-125            
1 52021U 22026P   23236.83087792  .00046750  00000+0  12233-2 0  9996
2 52021  97.5052 242.2993 0018573 180.2572 179.8667 15.38412079 80079
SPACEBEE-117            
1 52022U 22026Q   23236.89386288  .00040388  00000+0  11293-2 0  9991
2 52022  97.5067 241.8799 0018330 182.2323 177.8842 15.36395975 80045
SPACEBEE-116            
1 52023U 22026R   23237.01806879  .00042188  00000+0  11532-2 0  9996
2 52023  97.5071 242.1858 0017901 179.9631 180.1617 15.37099292 80073
SPACEBEE-113            
1 52024U 22026S   23236.67097569  .00040398  00000+0  10747-2 0  9994
2 52024  97.5059 241.9873 0019024 178.9917 181.1370 15.37927416 80039
SPACEBEE-112            
1 52025U 22026T   23236.81641712  .00061940  00000+0  14308-2 0  9999
2 52025  97.5035 242.9884 0017023 175.4906 184.6498 15.42156990 80119
SPACEBEENZ-13           
1 52026U 22026U   23236.80763901  .00090295  00000+0  16181-2 0  9990
2 52026  97.4978 244.2780 0016044 167.9080 192.2559 15.49485458 80110
SPACEBEE-123            
1 52027U 22026V   23236.50410730  .00038625  00000+0  10692-2 0  9997
2 52027  97.5052 241.3666 0017815 183.2041 176.9092 15.36729088 79891
SPACEBEENZ-12           
1 52028U 22026W   23237.45397171  .00068192  00000+0  14200-2 0  9997
2 52028  97.5089 244.4296 0016464 170.5090 189.6473 15.45220723 80255
SPACEBEE-124            
1 52029U 22026X   23236.64472670  .00038389  00000+0  10597-2 0  9996
2 52029  97.5046 241.4728 0018037 182.8356 177.2789 15.36812989 78638
SPACEBEE-136            
1 52164U 22033H   23237.23242472  .00225474  00000+0  18524-2 0  9996
2 52164  97.3352 323.9907 0007345 245.5334 114.5162 15.69722296 78292
SPACEBEE-138            
1 52166U 22033K   23237.04360233  .00223792  00000+0  19201-2 0  9997
2 52166  97.3385 323.8011 0007455 244.8734 115.1755 15.68666249 78258
SPACEBEE-130            
1 52176U 22033V   23237.24454714  .00234171  00000+0  18378-2 0  9995
2 52176  97.3368 324.2014 0006793 246.3697 113.6852 15.70809170 78286
SPACEBEE-139            
1 52177U 22033W   23237.30182664  .00173754  00000+0  16941-2 0  9998
2 52177  97.3400 323.4901 0007346 246.6143 113.4345 15.65640544 78236
SPACEBEE-129            
1 52179U 22033Y   23237.21441765  .00152440  00000+0  16899-2 0  9991
2 52179  97.3392 322.8965 0005914 245.6314 114.4327 15.62442596 78199
SPACEBEE-134            
1 52180U 22033Z   23237.22380460  .00140312  00000+0  16237-2 0  9999
2 52180  97.3362 322.5153 0006420 249.2684 110.7886 15.61363830 78176
SPACEBEE-131            
1 52181U 22033AA  23236.53764971  .00134965  00000+0  15819-2 0  9998
2 52181  97.3406 322.1548 0005784 249.7388 110.3248 15.61052178 78086
SPACEBEE-128            
1 52182U 22033AB  23237.20804030  .00162895  00000+0  16984-2 0  9992
2 52182  97.3412 323.2163 0006051 246.2146 113.8478 15.63983822 78209
SPACEBEE-133            
1 52183U 22033AC  23237.46278376  .00143519  00000+0  16271-2 0  9990
2 52183  97.3386 323.1977 0006491 249.0617 110.9946 15.61886442 78233
SPACEBEE-132            
1 52185U 22033AE  23237.46093735  .00201000  00000+0  17218-2 0  9998
2 52185  97.3379 324.1459 0006478 251.3777 108.6782 15.68781177 78284
SPACEBEE-137            
1 52186U 22033AF  23237.19177627  .00149256  00000+0  16255-2 0  9996
2 52186  97.3373 322.9558 0006750 246.7545 113.3003 15.62905067 78198
SPACEBEE-135            
1 52187U 22033AG  23237.03750637  .00216696  00000+0  19121-2 0  9996
2 52187  97.3400 323.6976 0006907 246.9425 113.1108 15.68001453 78225
SPACEBEE-143            
1 52394U 22047A   23237.45520753  .00033327  00000+0  11172-2 0  9997
2 52394  97.4179 321.0186 0006966 105.8982 254.3027 15.30817604 74271
SPACEBEENZ-15           
1 52395U 22047B   23237.02992622  .00067092  00000+0  16559-2 0  9999
2 52395  97.4155 322.5945 0004967 107.9236 252.2552 15.40269598 74341
SPACEBEENZ-16           
1 52396U 22047C   23236.45713135  .00060169  00000+0  14942-2 0  9998
2 52396  97.4154 321.9859 0005260 110.1893 249.9919 15.40112531 74254
SPACEBEENZ-17           
1 52397U 22047D   23237.20998615  .00061699  00000+0  15516-2 0  9998
2 52397  97.4145 322.6596 0005398 108.6358 251.5474 15.39720274 74365
SPACEBEENZ-18           
1 52398U 22047E   23236.23422382  .00054795  00000+0  13809-2 0  9996
2 52398  97.4154 321.6701 0005046 111.5428 248.6355 15.39689807 74219
SPACEBEE-140            
1 52399U 22047F   23237.22202108  .00043249  00000+0  12962-2 0  9990
2 52399  97.4178 321.6214 0006131 104.5111 255.6813 15.34349762 74318
SPACEBEE-141            
1 52400U 22047G   23237.28339000  .00033083  00000+0  11030-2 0  9991
2 52400  97.4190 320.9464 0006938 103.9506 256.2507 15.30994624 74259
SPACEBEE-142            
1 52401U 22047H   23237.23053260  .00031071  00000+0  10579-2 0  9990
2 52401  97.4171 320.6811 0007015 105.1893 255.0124 15.30327963 74238
SPACEBEENZ-20           
1 52402U 22047J   23236.46309575  .00058531  00000+0  14874-2 0  9990
2 52402  97.4142 321.7793 0005637 112.8366 247.3475 15.39414000 74248
SPACEBEENZ-22           
1 52403U 22047K   23237.19408905  .00053014  00000+0  14226-2 0  9991
2 52403  97.4146 322.1890 0006333 109.4086 250.7844 15.37758948 74339
SPACEBEENZ-19           
1 52404U 22047L   23237.21110965  .00062033  00000+0  15510-2 0  9999
2 52404  97.4147 322.6298 0005648 110.6247 249.5605 15.39894148 74368
SPACEBEENZ-21           
1 52405U 22047M   23237.21810725  .00057994  00000+0  14931-2 0  9997
2 52405  97.4166 322.4628 0007827 111.1738 249.0345 15.39001929 74359
SPACEBEE-148            
1 52406U 22047N   23236.87160197  .00040424  00000+0  12245-2 0  9996
2 52406  97.4169 321.1346 0006802 107.7297 252.4689 15.34023788 74237
SPACEBEE-149            
1 52407U 22047P   23236.75585972  .00031556  00000+0  10410-2 0  9994
2 52407  97.4170 320.3668 0007415 107.9876 252.2174 15.31344374 74178
SPACEBEE-153            
1 52408U 22047Q   23236.65396642  .00034878  00000+0  11263-2 0  9995
2 52408  97.4207 320.7076 0007423 117.8675 242.3319 15.32009324 74178
SPACEBEE-150            
1 52409U 22047R   23237.46390407  .00032730  00000+0  10999-2 0  9999
2 52409  97.4175 320.9690 0007502 107.2332 252.9731 15.30737398 74271
SPACEBEE-144            
1 52410U 22047S   23237.01822811  .00033329  00000+0  11267-2 0  9995
2 52410  97.4183 320.5343 0007038 107.1848 253.0164 15.30543920 74209
SPACEBEE-145            
1 52411U 22047T   23237.21763878  .00032893  00000+0  11091-2 0  9995
2 52411  97.4177 320.7127 0007089 106.6934 253.5085 15.30630506 74238
SPACEBEE-146            
1 52412U 22047U   23236.95770865  .00033429  00000+0  11194-2 0  9990
2 52412  97.4173 320.4303 0007021 108.2050 251.9956 15.30851356 74193
SPACEBEE-151            
1 52413U 22047V   23237.03702992  .00033834  00000+0  11445-2 0  9996
2 52413  97.4174 320.4606 0007521 108.9960 251.2096 15.30517267 74203
SPACEBEE-152            
1 52414U 22047W   23237.20844341  .00032072  00000+0  10930-2 0  9992
2 52414  97.4169 320.5194 0007560 107.9016 252.3049 15.30286532 74225
SPACEBEE-147            
1 52415U 22047X   23236.88369592  .00031412  00000+0  10765-2 0  9999
2 52415  97.4183 320.2592 0007117 109.7438 250.4571 15.30112975 74179
SPACEBEE-155            
1 52416U 22047Y   23237.22264649  .00031058  00000+0  10837-2 0  9992
2 52416  97.4153 320.1380 0008054 112.1500 248.0596 15.29521870 74200
SPACEBEE-154            
1 52417U 22047Z   23237.23556763  .00031972  00000+0  10966-2 0  9993
2 52417  97.4174 320.4975 0007574 109.6791 250.5267 15.30079420 74222
SPACEBEE-167            
1 55087U 23001CG  23236.40965887  .00016279  00000+0  71946-3 0  9998
2 55087  97.4709 295.8583 0015404 124.5530 235.7162 15.21683306 35466
SPACEBEE-163            
1 55089U 23001CJ  23237.13760984  .00023333  00000+0  10014-2 0  9999
2 55089  97.4701 296.7075 0014842 121.9689 238.2992 15.22614871 35581
SPACEBEE-164            
1 55091U 23001CL  23237.35706606  .00019154  00000+0  83417-3 0  9991
2 55091  97.4710 296.8808 0015613 121.0614 239.2157 15.22147019 35618
SPACEBEE-166            
1 55092U 23001CM  23237.40360738  .00022201  00000+0  93336-3 0  9998
2 55092  97.4697 297.1134 0016629 121.6191 238.6671 15.23299050 35633
SPACEBEE-165            
1 55094U 23001CP  23237.39273322  .00019952  00000+0  86046-3 0  9999
2 55094  97.4704 296.9779 0014784 120.5041 239.7657 15.22483770 35626
SPACEBEE-162            
1 55095U 23001CQ  23237.40618339  .00018971  00000+0  82204-3 0  9995
2 55095  97.4709 296.9677 0015744 120.2424 240.0373 15.22319581 35626
SPACEBEE-161            
1 55096U 23001CR  23237.13606042  .00019908  00000+0  86040-3 0  9997
2 55096  97.4706 296.7151 0015787 120.8559 239.4233 15.22396242 35582
SPACEBEE-160            
1 55097U 23001CS  23236.40689251  .00017747  00000+0  76718-3 0  9990
2 55097  97.4704 296.0017 0015850 123.6239 236.6512 15.22413058 35474
SPACEBEE-156            
1 55099U 23001CU  23237.12251628  .00021475  00000+0  92335-3 0  9991
2 55099  97.4706 296.7314 0015791 120.9027 239.3764 15.22556585 35588
SPACEBEE-158            
1 55100U 23001CV  23237.13623611  .00019199  00000+0  83235-3 0  9999
2 55100  97.4716 296.7245 0016368 121.4399 238.8440 15.22289773 35581
SPACEBEE-159            
1 55101U 23001CW  23237.40218300  .00021059  00000+0  89033-3 0  9995
2 55101  97.4707 297.1237 0016892 120.7463 239.5440 15.23114985 35631
SPACEBEE-157            
1 55102U 23001CX  23237.11186044  .00022107  00000+0  92797-3 0  9999
2 55102  97.4691 296.8636 0015264 122.7309 237.5402 15.23372098 35598
SPACEBEE-179            
1 56969U 23084AP  23237.26826800  .00015345  00000+0  80326-3 0  9990
2 56969  97.5186 353.0025 0013847 321.5361  38.4883 15.15835055 11111
SPACEBEE-177            
1 56972U 23084AS  23237.26346193  .00016678  00000+0  86835-3 0  9997
2 56972  97.5192 353.0129 0014115 321.5118  38.5107 15.16003923 11118
SPACEBEE-178            
1 56973U 23084AT  23237.33181277  .00011682  00000+0  61283-3 0  9996
2 56973  97.5195 353.0796 0014327 323.0470  36.9775 15.15819631 11129
SPACEBEE-176            
1 56975U 23084AV  23237.32832089  .00015860  00000+0  82648-3 0  9991
2 56975  97.5190 353.0784 0014232 320.8016  39.2185 15.15983419 11126
SPACEBEE-174            
1 56976U 23084AW  23237.32532492  .00015653  00000+0  81401-3 0  9993
2 56976  97.5191 353.0836 0014283 320.5736  39.4456 15.16057249 11125
SPACEBEE-173            
1 56978U 23084AY  23237.32352216  .00015833  00000+0  82225-3 0  9994
2 56978  97.5192 353.0875 0014457 320.5807  39.4373 15.16101787 11128
SPACEBEE-172            
1 56979U 23084AZ  23237.32645149  .00015735  00000+0  81973-3 0  9995
2 56979  97.5188 353.0818 0014618 321.3645  38.6541 15.15988951 11122
SPACEBEE-171            
1 56980U 23084BA  23236.59624825  .00015571  00000+0  80852-3 0  9996
2 56980  97.5192 352.3709 0014635 322.8079  37.2138 15.16108506 11012
SPACEBEE-169            
1 56982U 23084BC  23237.26795468  .00015189  00000+0  79677-3 0  9993
2 56982  97.5181 353.0016 0014881 320.5695  39.4453 15.15750064 11119
SPACEBEE-170            
1 56983U 23084BD  23236.33226710  .00016571  00000+0  86165-3 0  9996
2 56983  97.5196 352.1101 0014060 321.4947  38.5281 15.16053165 10971
SPACEBEE-168            
1 56984U 23084BE  23236.33028789  .00014149  00000+0  73511-3 0  9993
2 56984  97.5208 352.1270 0014845 325.0003  35.0253 15.16108057 10979
SPACEBEE-175            
1 56985U 23084BF  23237.31176492  .00015809  00000+0  81535-3 0  9997
2 56985  97.5194 353.1060 0015545 323.8398  36.1783 15.16332073 11128
