GOES 1 (SMS-C) [-]      
1 08366U 75100A   21055.43667265  .00000047  00000-0  00000-0 0  9999
2 08366   9.3976 301.8050 0002791 359.4352 244.3725  1.00250285165626
GOES 2 [-]              
1 10061U 77048A   21054.52989815 -.00000300  00000-0  00000+0 0  9996
2 10061  10.8945 312.3064 0015619  10.7053 152.4311  0.99399626104234
GOES 3 [-]              
1 10953U 78062A   21055.05676310  .00000112  00000-0  00000-0 0  9996
2 10953  11.1733 316.4583 0003575  44.7639 226.0670  0.99358087109269
GOES 4 [-]              
1 11964U 80074A   21055.31816411 -.00000221  00000-0  00000-0 0  9994
2 11964  12.0851 320.2383 0035422  54.8618 239.3075  0.99233442108193
GOES 5 [-]              
1 12472U 81049A   21055.56738490  .00000044  00000-0  00000-0 0  9991
2 12472  12.7361 331.1623 0002955  12.5913 247.9751  1.00218663103409
GOES 6 [-]              
1 14050U 83041A   21055.43418743  .00000037  00000-0  00000-0 0  9993
2 14050  13.2003 336.3165 0003163  64.5502 143.2984  1.00235421196570
GOES 7 [-]              
1 17561U 87022A   21055.51197709 -.00000126  00000-0  00000-0 0  9991
2 17561  14.6163 352.6449 0007945  20.9894 133.7050  0.99910112107596
GOES 8 [-]              
1 23051U 94022A   21055.61655468 -.00000102  00000-0  00000-0 0  9996
2 23051  12.7653  27.6533 0008603 341.2786 202.0821  0.98906565104942
GOES 9 [-]              
1 23581U 95025A   21055.34959205 -.00000080  00000-0  00000-0 0  9999
2 23581  12.2535  27.7509 0004825  35.7025 139.0144  0.98798851 93605
GOES 10 [-]             
1 24786U 97019A   21055.38832479 -.00000217  00000-0  00000-0 0  9991
2 24786  10.8832  33.5944 0024656 197.8400 179.9446  0.99123789 86856
GOES 11 [-]             
1 26352U 00022A   21055.46116679 -.00000227  00000-0  00000-0 0  9997
2 26352   7.6835  63.0233 0003433 265.8669 113.9419  0.99043168 33274
GOES 12 [-]             
1 26871U 01031A   21055.60167826  .00000070  00000-0  00000-0 0  9995
2 26871   8.6731  51.2109 0009084 297.2250 254.3808  0.99135876 71519
EWS-G1 (GOES 13) [+]    
1 29155U 06018A   21055.44912824  .00000034  00000-0  00000-0 0  9991
2 29155   0.4036 275.9133 0004390 336.2453 125.7333  1.00270908 23937
GOES 14 [B]             
1 35491U 09033A   21055.57460552 -.00000094  00000-0  00000-0 0  9998
2 35491   0.0651 168.2181 0011046  60.1635  28.8224  1.00271084 42719
GOES 15 [B]             
1 36411U 10008A   21055.55738712  .00000054  00000-0  00000-0 0  9994
2 36411   0.1944 255.8671 0003590 126.0077 205.2713  1.00265287 40228
GOES 16 [+]             
1 41866U 16071A   21055.49361858 -.00000250  00000-0  00000+0 0  9994
2 41866   0.0548 297.3240 0001899  57.8373 261.9034  1.00272185 15671
GOES 17 [+]             
1 43226U 18022A   21054.97883941  .00000097  00000-0  00000-0 0  9997
2 43226   0.0615 280.8785 0000665  65.5526  22.7946  1.00272681 10968
