MTI                     
1 26102U 00014A   21053.16394668  .00008758  00000-0  11450-3 0  9992
2 26102  97.4736 313.7597 0008109  35.4399 324.7394 15.58862398163372
CFESAT                  
1 30777U 07006F   21053.60501222  .00006384  00000-0  16403-3 0  9994
2 30777  35.4241 154.8493 0005122 298.0378  61.9831 15.38651339774983
SPIRALE A               
1 33751U 09008C   21053.43784916  .00000080  00000-0  41422-3 0  9993
2 33751   2.0626 342.6819 5378037  72.9773 337.3482  4.58776754172764
SPIRALE B               
1 33752U 09008D   21053.15854693  .00003117  00000-0  78210-3 0  9992
2 33752   2.1414  14.0938 6904953 357.3462   0.2284  2.76511023111652
SAPPHIRE                
1 39088U 13009C   21053.51977984  .00000022  00000-0  23204-4 0  9991
2 39088  98.4533 255.6173 0010253 262.6727  97.3293 14.34234231418322
