NOAA 15                 
1 25338U 98030A   23237.39353068  .00000224  00000+0  11110-3 0  9999
2 25338  98.6029 265.2566 0011520 110.2510 249.9909 14.26377471315124
NOAA 18                 
1 28654U 05018A   23237.39135282  .00000214  00000+0  13830-3 0  9993
2 28654  98.9059 311.4372 0014396 180.0842 180.0330 14.12993095941343
NOAA 19                 
1 33591U 09005A   23237.37377763  .00000192  00000+0  12777-3 0  9993
2 33591  99.0944 284.3887 0014566  51.6217 308.6260 14.12809314749718
METOP-B                 
1 38771U 12049A   23237.44192524  .00000128  00000+0  78570-4 0  9991
2 38771  98.6732 295.6406 0001203 106.8295  20.0768 14.21505614567383
SARAL                   
1 39086U 13009A   23237.47120063  .00000142  00000+0  68755-4 0  9990
2 39086  98.5496  61.7578 0003079  83.7022 276.4512 14.32249855548607
METOP-C                 
1 43689U 18087A   23237.45415560  .00000128  00000+0  78169-4 0  9996
2 43689  98.6778 295.8245 0002068 199.1146 160.9954 14.21508545248967
ANGELS                  
1 44876U 19092D   23237.45367908  .00005217  00000+0  23084-3 0  9993
2 44876  97.4796  61.6931 0009494 286.3407  73.6785 15.22077972204155
GAZELLE                 
1 54023U 22127A   23236.92707710  .00000235  00000+0  84597-4 0  9993
2 54023  98.3272 233.1429 0014454  52.2496 308.0001 14.41883803 46289
EOS-6 (OCEANSAT-3)      
1 54361U 22158A   23237.43693044  .00000409  00000+0  12453-3 0  9997
2 54361  98.3539 333.4866 0001083  94.0324 266.0993 14.46982032 39359
