MTI                     
1 26102U 00014A   21026.97052973  .00008004  00000-0  10629-3 0  9992
2 26102  97.4767 286.2342 0007982 112.7702 247.4544 15.58480020159295
CFESAT                  
1 30777U 07006F   21026.87025064  .00007659  00000-0  19800-3 0  9998
2 30777  35.4260 326.1069 0003223  48.7716 311.3289 15.38421629770862
SPIRALE A               
1 33751U 09008C   21026.63732404  .00000062  00000-0  34565-3 0  9990
2 33751   2.0648   7.3110 5375767  23.6802 353.9010  4.58773207171535
SPIRALE B               
1 33752U 09008D   21027.11771901  .00001623  00000-0  52042-3 0  9994
2 33752   2.1558  27.1419 6901730 330.6649   3.8810  2.76401643110986
SAPPHIRE                
1 39088U 13009C   21026.52120023  .00000022  00000-0  23185-4 0  9994
2 39088  98.4530 229.2095 0011154 349.1147  10.9795 14.34231460414456
