GOES 1 (SMS-C) [-]      
1 08366U 75100A   23236.61671368  .00000038  00000+0  00000+0 0  9999
2 08366   7.2160 290.2604 0003115 258.7789 242.6758  1.00241916174763
GOES 2 [-]              
1 10061U 77048A   23236.54857756 -.00000305  00000+0  00000+0 0  9994
2 10061   8.8585 302.6058 0009626  35.3312 332.1971  0.99401051 36068
GOES 3 [-]              
1 10953U 78062A   23235.07726322 -.00000227  00000+0  00000+0 0  9995
2 10953   9.2310 307.4532 0003456 185.2060 175.0583  0.99362117118309
GOES 4 [-]              
1 11964U 80074A   23236.56000715 -.00000206  00000+0  00000+0 0  9997
2 11964  10.2217 311.2804 0031563  88.7177 302.0032  0.99234302117248
GOES 5 [-]              
1 12472U 81049A   23236.28691157 -.00000066  00000+0  00000+0 0  9994
2 12472  11.2020 323.0300 0002867 200.2039 165.7860  1.00204304112544
GOES 6 [-]              
1 14050U 83041A   23236.35389414 -.00000009  00000+0  00000+0 0  9997
2 14050  11.8349 328.4432 0005347 172.2001 201.5620  1.00222802205714
GOES 7 [-]              
1 17561U 87022A   23235.95256611  .00000084  00000+0  00000+0 0  9999
2 17561  13.8644 345.0982 0004541 100.3996 255.1806  0.99901302116683
GOES 8 [-]              
1 23051U 94022A   23236.83660545 -.00000047  00000+0  00000+0 0  9991
2 23051  13.5454  21.1309 0005914  76.2773 205.5879  0.98905611113967
GOES 9 [-]              
1 23581U 95025A   23236.75864147 -.00000236  00000+0  00000+0 0  9998
2 23581  13.0456  21.6320 0009163 126.6866 228.5406  0.98801370102600
GOES 10 [-]             
1 24786U 97019A   23236.29602413 -.00000230  00000+0  00000+0 0  9990
2 24786  11.9126  27.9798 0027683 206.3045 155.9066  0.99125121 95889
GOES 11 [-]             
1 26352U 00022A   23236.10097147  .00000071  00000+0  00000+0 0  9993
2 26352   9.6019  55.7806 0002579 140.4827 223.9588  0.99040568 42290
GOES 12 [-]             
1 26871U 01031A   23236.39949399 -.00000175  00000+0  00000+0 0  9992
2 26871  10.2977  45.2463 0002756 349.2570 192.7609  0.99136583 80574
EWS-G1 (GOES 13) [+]    
1 29155U 06018A   23236.92282434  .00000043  00000+0  00000+0 0  9992
2 29155   1.6857  90.8582 0004293 110.1292 165.5100  1.00270260 33076
GOES 14 [B]             
1 35491U 09033A   23236.62535053 -.00000059  00000+0  00000+0 0  9995
2 35491   0.4655 266.3282 0004915 212.9766 329.8838  1.00271924 51806
GOES 15 [B]             
1 36411U 10008A   23236.93364057 -.00000328  00000+0  00000+0 0  9999
2 36411   0.4384 275.3704 0003517 293.8373 235.7883  0.99985277 49347
GOES 16 [+]             
1 41866U 16071A   23236.57738205 -.00000241  00000+0  00000+0 0  9999
2 41866   0.0854 278.8220 0000452 254.1669 292.2533  1.00271157 24801
GOES 17 [+]             
1 43226U 18022A   23237.11021691 -.00000086  00000+0  00000+0 0  9991
2 43226   0.0047 299.3385 0002276 201.3103 127.4459  1.00271931 20138
GOES 18 [+]             
1 51850U 22021A   23237.04146719  .00000102  00000+0  00000+0 0  9996
2 51850   0.0026  97.4891 0000509  28.3755  85.1046  1.00272268  5503
