PROBA-1                 
1 26958U 01049B   23237.39214894  .00003789  00000+0  30565-3 0  9999
2 26958  97.8792 204.4108 0066915 337.1216  22.7028 14.98763077189408
BIRD 2                  
1 26959U 01049C   23237.35856107  .00150165  00000+0  66180-3 0  9998
2 26959  97.7752  12.2894 0004828 231.3956 128.6880 15.84101326214446
CUTE-1 (CO-55)          
1 27844U 03031E   23236.81424315  .00000411  00000+0  20238-3 0  9999
2 27844  98.6795 243.0711 0008582 289.6660  70.3592 14.22853060 45522
CUBESAT XI-IV (CO-57)   
1 27848U 03031J   23236.49745138  .00000342  00000+0  17345-3 0  9994
2 27848  98.6831 243.1480 0008685 307.9095  52.1297 14.22353708 45211
GENESIS 1               
1 29252U 06029A   23236.55357967  .00008714  00000+0  32257-3 0  9991
2 29252  64.5194  82.0394 0017009 208.7456 151.2736 15.28129233944969
GENESIS 2               
1 31789U 07028A   23236.18133574  .00008201  00000+0  30505-3 0  9999
2 31789  64.4936 127.6968 0054406 251.9206 107.5990 15.26781826891785
APRIZESAT 4             
1 35684U 09041D   23237.07240920  .00001055  00000+0  14282-3 0  9991
2 35684  98.2802 270.0857 0046856  40.9097 319.5614 14.80519916759255
APRIZESAT 3             
1 35686U 09041F   23237.26579674  .00001639  00000+0  17108-3 0  9993
2 35686  98.1014 338.6787 0069474 206.1139 153.6568 14.89462820763191
PROBA-2                 
1 36037U 09059B   23237.42572342  .00000300  00000+0  82465-4 0  9999
2 36037  98.2282  61.0189 0012768 205.7210 154.3353 14.53587571732381
APRIZESAT 5             
1 37792U 11044E   23237.25208415  .00001175  00000+0  17125-3 0  9994
2 37792  98.2669 129.2002 0057967  60.5777 300.1200 14.76715517647133
APRIZESAT 6             
1 37793U 11044F   23236.86975785  .00000840  00000+0  13533-3 0  9999
2 37793  98.3438 107.4505 0047101 120.7513 299.1374 14.73561252645679
PROBA-V                 
1 39159U 13021A   23236.82854348  .00000111  00000+0  67054-4 0  9990
2 39159  98.3188 254.8274 0002949 259.8362 100.2485 14.23143334534962
APRIZESAT 7             
1 39416U 13066A   23237.41100964  .00001870  00000+0  21775-3 0  9991
2 39416  97.6257 202.6601 0039979  10.2883 349.9141 14.85848288528470
APRIZESAT 8             
1 39425U 13066K   23236.47425558  .00001614  00000+0  20127-3 0  9991
2 39425  97.6838 194.2741 0051812  62.9123 297.7363 14.82810895527102
BUGSAT-1 (TITA)         
1 40014U 14033E   23236.87735527  .00005324  00000+0  42672-3 0  9997
2 40014  98.1346 258.9137 0035633  45.0494 315.3609 15.00089876501011
SAUDISAT 4              
1 40016U 14033G   23237.07044569  .00001003  00000+0  14903-3 0  9997
2 40016  97.6454  53.2146 0047655 172.3048 187.8904 14.76306275494376
APRIZESAT 9             
1 40018U 14033J   23237.43523950  .00000834  00000+0  13900-3 0  9992
2 40018  97.7626  31.0614 0068691 259.8884  99.4569 14.71044477492568
APRIZESAT 10            
1 40019U 14033K   23237.38427283  .00000576  00000+0  10398-3 0  9990
2 40019  97.8253  21.8262 0081775 312.4471  46.9839 14.68030863491621
TDS 1                   
1 40076U 14037H   23237.35784841  .00004485  00000+0  47979-3 0  9998
2 40076  98.3357 138.1331 0008046 102.3340 257.8777 14.89266333494279
TIANTUO 2               
1 40144U 14053B   23237.47493257  .00012480  00000+0  24918-3 0  9995
2 40144  97.1562 315.0346 0009980  68.7215 291.5100 15.46912751501951
TECHNOSAT               
1 42829U 17042E   23237.45173665  .00001949  00000+0  18755-3 0  9994
2 42829  97.3878  70.7626 0013289 359.6137   0.5072 14.93997753332834
FLYING LAPTOP           
1 42831U 17042G   23236.91018648  .00001417  00000+0  14005-3 0  9990
2 42831  97.3897  70.5132 0013480   2.8149 357.3145 14.93323185332747
HAWK-A                  
1 43765U 18099H   23236.85148572  .00003986  00000+0  32579-3 0  9992
2 43765  97.5652 298.1869 0010417 239.3052 120.7145 14.99884599258035
HAWK-B                  
1 43794U 18099AN  23237.11870696  .00004023  00000+0  32882-3 0  9993
2 43794  97.5654 298.4456 0010366 239.2484 120.7720 14.99887243258066
HAWK-C                  
1 43799U 18099AT  23237.25197967  .00003962  00000+0  32383-3 0  9993
2 43799  97.5652 298.4729 0010273 237.9082 122.1145 14.99888240258085
SALSAT                  
1 46495U 20068K   23236.39698116  .00004699  00000+0  30574-3 0  9992
2 46495  97.7735 185.1671 0013509 244.9139 115.0687 15.08403628159355
HAWK-2C                 
1 47502U 21006CT  23237.13242185  .00010290  00000+0  49767-3 0  9997
2 47502  97.3804 289.4667 0008267 213.5874 146.4838 15.18758195142894
HAWK-2A                 
1 47505U 21006CW  23236.73736883  .00009697  00000+0  46938-3 0  9994
2 47505  97.3804 289.1893 0008167 214.5202 145.5503 15.18747402142832
HAWK-2B                 
1 47508U 21006CZ  23237.19876875  .00010082  00000+0  48763-3 0  9992
2 47508  97.3805 289.5299 0008485 214.3958 145.6728 15.18760845142903
HAWK-3B                 
1 48931U 21059BE  23236.78630354  .00008707  00000+0  38833-3 0  9993
2 48931  97.5926  11.2467 0014755  46.5082 313.7377 15.21551713119714
HAWK-3C                 
1 48948U 21059BX  23236.39147196  .00008065  00000+0  35985-3 0  9997
2 48948  97.6192  13.3791 0015784  50.7920 309.4714 15.21549587119658
HAWK-3A                 
1 48957U 21059CG  23237.37775557  .00007785  00000+0  34734-3 0  9993
2 48957  97.6057  13.1157 0015669  42.2300 318.0139 15.21563234119801
HAWK-4B                 
1 52165U 22033J   23236.66219004  .00009604  00000+0  33953-3 0  9997
2 52165  97.3530 316.3657 0007612 292.7744  67.2692 15.29362123 77707
HAWK-4A                 
1 52167U 22033L   23236.20390799  .00008974  00000+0  31753-3 0  9995
2 52167  97.3481 315.6117 0007044 294.6973  65.3534 15.29359677 77637
HAWK-4C                 
1 52170U 22033P   23237.18518601  .00010497  00000+0  37054-3 0  9994
2 52170  97.3528 316.8681 0008813 274.5254  85.4979 15.29378771 77784
HAWK-5C                 
1 52754U 22057Y   23237.36793334  .00005937  00000+0  29852-3 0  9996
2 52754  97.5596 353.3861 0010255 102.3672 257.8710 15.17582308 69116
HAWK-5B                 
1 52756U 22057AA  23237.30184538  .00006054  00000+0  30423-3 0  9999
2 52756  97.5440 352.3526 0010938  98.0116 262.2359 15.17586446 69100
HAWK-5A                 
1 52757U 22057AB  23237.10381392  .00006403  00000+0  32158-3 0  9990
2 52757  97.5518 352.6361 0011273 101.8482 258.4016 15.17582830 69075
HAWK-6B                 
1 55324U 23011A   23237.08446895  .00004001  00000+0  26696-3 0  9993
2 55324  40.5176 152.5298 0006339 255.9215 104.0885 15.07860621 31990
HAWK-6C                 
1 55326U 23011C   23237.21662828  .00003785  00000+0  25305-3 0  9990
2 55326  40.4860 151.1393 0006219 249.7111 110.3025 15.07861659 32028
HAWK-6A                 
1 55327U 23011D   23237.21650176  .00003845  00000+0  25692-3 0  9990
2 55327  40.5020 151.4775 0006114 246.5425 113.4737 15.07860911 32026
HAWK-7A                 
1 56191U 23054P   23237.48788389  .00006088  00000+0  26407-3 0  9991
2 56191  97.3987 131.4918 0013032 132.3687 227.8655 15.22638775 20725
HAWK-7B                 
1 56193U 23054R   23237.29070039  .00006453  00000+0  27978-3 0  9998
2 56193  97.3854 131.0022 0012244 122.2314 238.0111 15.22641671 20697
HAWK-7C                 
1 56200U 23054Y   23236.63320867  .00006281  00000+0  27240-3 0  9992
2 56200  97.3924 130.5047 0013273 128.3492 231.8939 15.22629091 20592
