ISS (ZARYA)             
1 25544U 98067A   23237.45176757  .00025716  00000+0  45909-3 0  9999
2 25544  51.6386 345.4158 0005081 351.4818 128.6540 15.49867380412537
ISS DEB                 
1 47853U 98067RZ  23236.48805918  .00034250  00000+0  25721-3 0  9999
2 47853  51.6353 310.0402 0001103  23.4943 336.6106 15.72248450139547
CSS (TIANHE)            
1 48274U 21035A   23237.04459221  .00020754  00000+0  24127-3 0  9996
2 48274  41.4725  97.2903 0010192 230.4300 129.5639 15.61173573132599
ISS (NAUKA)             
1 49044U 21066A   23236.47944470  .00018070  00000+0  32803-3 0  9995
2 49044  51.6432 350.2276 0003866 350.9420 100.7044 15.49631973412387
FREGAT DEB              
1 49271U 11037PF  23236.04615345  .00003045  00000+0  10524-1 0  9993
2 49271  51.6239 113.9514 0908282 216.8713 136.6238 12.04944111 99084
CSS (WENTIAN)           
1 53239U 22085A   23234.74156000  .00031470  00000+0  36499-3 0  9994
2 53239  41.4730 111.3128 0009903 215.5337 144.4843 15.61057149132235
CSS (MENGTIAN)          
1 54216U 22143A   23234.74156000  .00031470  00000+0  36499-3 0  9995
2 54216  41.4730 111.3128 0009903 215.5337 144.4843 15.61057149132231
TIANZHOU-5              
1 54237U 22152A   23234.74156000  .00031470  00000+0  36499-3 0  9998
2 54237  41.4730 111.3128 0009903 215.5337 144.4843 15.61057149132234
SPORT                   
1 55129U 98067UW  23236.60315577  .00145960  00000+0  66906-3 0  9996
2 55129  51.6260 325.6313 0008219 355.6816   4.4115 15.82685376 37322
ISS DEB (SPX-26 IPA FSE)
1 55448U 98067VB  23236.64389852  .00051480  00000+0  46166-3 0  9990
2 55448  51.6356 335.7664 0007446 354.3488   5.7423 15.67744882 31977
SOYUZ-MS 23             
1 55688U 23024A   23236.47944470  .00018070  00000+0  32803-3 0  9992
2 55688  51.6432 350.2276 0003866 350.9420 100.7044 15.49631973412388
CREW DRAGON 6           
1 55740U 23027A   23236.47944470  .00018070  00000+0  32803-3 0  9994
2 55740  51.6432 350.2276 0003866 350.9420 100.7044 15.49631973412387
ARKSAT 1                
1 56311U 98067VC  23236.51444521  .00103401  00000+0  90686-3 0  9998
2 56311  51.6364 342.4021 0008963 335.6738  24.3835 15.67984708 19044
AURORASAT               
1 56312U 98067VD  23236.72928554  .00152650  00000+0  11030-2 0  9990
2 56312  51.6338 340.0701 0010348 335.1094  24.9404 15.72435538 19120
EX-ALTA-2               
1 56313U 98067VE  23236.32014690  .00106208  00000+0  92565-3 0  9995
2 56313  51.6337 343.3408 0008975 334.1261  25.9286 15.68126242 19031
LIGHTCUBE               
1 56314U 98067VF  23236.50138840  .00142368  00000+0  10805-2 0  9993
2 56314  51.6339 341.5468 0010677 327.8280  32.2065 15.71304376 19106
NEUDOSE                 
1 56315U 98067VG  23236.36109090  .00061568  00000+0  67042-3 0  9991
2 56315  51.6356 345.1241 0008587 327.6271  32.4195 15.62782233 18994
YUKONSAT                
1 56316U 98067VH  23236.78581469  .00089027  00000+0  85628-3 0  9992
2 56316  51.6352 341.9575 0009152 327.9948  32.0491 15.65763522 19098
ISS DEB                 
1 56434U 98067VJ  23236.91791487  .00064418  00000+0  74078-3 0  9995
2 56434  51.6385 343.6072 0008056 342.5136  17.5579 15.61362062 17633
TIANZHOU-6              
1 56446U 23063A   23234.74156000  .00031470  00000+0  36499-3 0  9994
2 56446  41.4730 111.3128 0009903 215.5337 144.4843 15.61057149132238
PROGRESS-MS 23          
1 56740U 23071A   23236.47944470  .00018070  00000+0  32803-3 0  9994
2 56740  51.6432 350.2276 0003866 350.9420 100.7044 15.49631973412388
SHENZHOU-16 (SZ-16)     
1 56761U 23077A   23234.74156000  .00031470  00000+0  36499-3 0  9999
2 56761  41.4730 111.3128 0009903 215.5337 144.4843 15.61057149132238
ISS DEB                 
1 57212U 98067VP  23236.45548701  .00028311  00000+0  44484-3 0  9998
2 57212  51.6403 349.5156 0005634 312.5910  47.4605 15.53394071  9328
1998-067VQ              
1 57312U 98067VQ  23236.50507511  .00052971  00000+0  77343-3 0  9998
2 57312  51.6405 349.0983 0004294  17.2566 342.8570 15.55117972  7631
1998-067VR              
1 57313U 98067VR  23236.50988049  .00048101  00000+0  71370-3 0  9992
2 57313  51.6405 349.1291 0001661  12.0712 348.0318 15.54727440  7641
1998-067VS              
1 57314U 98067VS  23236.33676288  .00089101  00000+0  11618-2 0  9996
2 57314  51.6373 349.4705 0005098 343.7461  16.3367 15.57941703  7611
1998-067VT              
1 57315U 98067VT  23236.63158986  .00055391  00000+0  80458-3 0  9993
2 57315  51.6402 348.4410 0004439  18.4819 341.6333 15.55239747  7666
MOONLIGHTER             
1 57316U 98067VU  23235.58515026  .00075222  00000+0  10244-2 0  9999
2 57316  51.6396 353.4529 0005005 346.6592  13.4267 15.56852347  7499
1998-067VV              
1 57317U 98067VV  23236.48229130  .00077046  00000+0  10515-2 0  9995
2 57317  51.6417 348.9488 0005503   3.6274 356.4757 15.56781286  7630
MAYA-5                  
1 57419U 98067VW  23236.71641733  .00067580  00000+0  97949-3 0  9990
2 57419  51.6400 348.2550 0007626 334.9583  25.1037 15.55193634  5675
MAYA-6                  
1 57420U 98067VX  23236.39517236  .00066580  00000+0  96805-3 0  9995
2 57420  51.6395 349.8599 0007806 333.3888  26.6702 15.55112262  5629
2023-110A               
1 57488U 23110A   23236.47944470  .00018070  00000+0  32803-3 0  9998
2 57488  51.6432 350.2276 0003866 350.9420 100.7044 15.49631973412388
PROGRESS-MS 24          
1 57691U 23125A   23236.62822046 -.00003510  11095-4  00000+0 0  9996
2 57691  51.6451 349.6398 0034047 341.6993 149.8398 15.91347465   251
SL-4 R/B                
1 57692U 23125B   23236.65532104  .06757558  12444-4  50314-3 0  9992
2 57692  51.6515 349.1256 0011258  69.6488  68.2791 16.39534907   237
