UNKNOWN                 
1 81036U          23236.27551347  .00004290  00000+0  10404-1 0  9992
2 81036  66.0055 301.6225 2652009  15.8156 351.1491  9.18325587324765
UNKNOWN                 
1 81052U          23234.75356119  .00002698  00000+0  85509-3 0  9991
2 81052  65.7789 331.1713 0623181 354.9340   4.5591 13.66440650484429
UNKNOWN                 
1 81069U          23236.52403245  .00003308  00000+0  50943-2 0  9991
2 81069 100.3102  86.0980 0068989 303.7580  55.6993 13.51265612401925
UNKNOWN                 
1 81078U          23235.16570321  .00000161  00000+0  60324-2 0  9998
2 81078  65.1083 152.0031 0190017 190.0887 322.2435 11.22025582400072
UNKNOWN                 
1 81111U          23236.46481127  .00017167  00000+0  27605-2 0  9994
2 81111  62.8858  53.8601 4164439 324.7727  13.7360  7.04777045210337
UNKNOWN                 
1 81123U 70025    23235.03163802  .00000988  00000+0  10202-2 0  9998
2 81123 100.0423 257.9656 0004496  91.4699 268.6965 13.78742041490033
UNKNOWN                 
1 81134U          23236.25192531  .00000079  00000+0  26494-3 0  9994
2 81134  90.2638 344.7261 0025937  74.6605 285.7376 12.92551386353885
UNKNOWN                 
1 81161U          23235.29185103 -.00001036  00000+0 -10606-2 0  9997
2 81161 100.3919 351.9489 0062060 242.5038 116.9789 13.72472172440431
UNKNOWN                 
1 81219U 81053    23235.43683025  .00000488  00000+0  45198-3 0  9993
2 81219  82.9243 278.0064 0023443  72.1318 288.2395 13.80342333491254
UNKNOWN                 
1 81221U          23232.79788367  .00003912  00000+0  16931-2 0  9997
2 81221  98.8964 178.9703 0108720 276.4596  82.4212 14.21789275404106
UNKNOWN                 
1 81228U          23232.72265595  .00006557  00000+0  27164-2 0  9998
2 81228  70.5331 347.3269 0088344 171.4219 188.8441 14.24825938505075
UNKNOWN                 
1 81247U 81053    23235.68050209  .00035118  00000+0  55445-2 0  9996
2 81247  83.2279 207.2437 0015999 300.9848  58.9790 14.72110966514202
UNKNOWN                 
1 81254U 70025    23233.30693011  .00003115  00000+0  23037-2 0  9996
2 81254 100.3667 173.8723 0069063 132.0440 228.6622 13.95078586494887
UNKNOWN                 
1 81264U          23228.94794227  .00014399  00000+0  23074-2 0  9995
2 81264  99.4183 304.7690 0086637  47.1955 313.6488 14.69339817484827
UNKNOWN                 
1 81279U          23236.27089396  .00000799  00000+0  34188-3 0  9998
2 81279  98.1572 352.0790 0217685 321.0127  37.5524 14.15591248343356
UNKNOWN                 
1 81301U          23234.18361691  .00000372  00000+0  44885-3 0  9995
2 81301  66.7593 149.2005 0083049  77.4887  69.1165 13.75844849490270
UNKNOWN                 
1 81311U 90105    23236.47876792  .00000583  00000+0  13397-3 0  9996
2 81311  98.8118 239.4913 0136817 166.4418 347.0442 14.54125956517221
UNKNOWN                 
1 81317U 80089    23235.45170021  .00000182  00000+0  41046-3 0  9998
2 81317  67.1341 230.2376 0220113 262.5142 255.9114 13.37391473475978
UNKNOWN                 
1 81323U          23231.20579701  .00021409  00000+0  41613-2 0  9991
2 81323  65.7744 173.8248 0453980  36.9885 326.1599 14.13674559992373
UNKNOWN                 
1 81329U          23233.33266112  .00001876  00000+0  73940-3 0  9997
2 81329  65.8209 251.4581 0856566  50.6198 328.6962 13.15295088504733
UNKNOWN                 
1 81341U          23234.05702436  .00001914  00000+0  49188-2 0  9994
2 81341  99.5433 276.5984 0428597 261.4553  93.7772 12.90688684414314
UNKNOWN                 
1 81342U          23233.83234034  .00004437  00000+0  23699-2 0  9996
2 81342  70.8989 295.2719 0148720 196.5393 163.0847 14.08244990498522
UNKNOWN                 
1 81343U          23236.15250597  .00003340  00000+0  34905-3 0  9992
2 81343  85.8746 283.7094 0011610  45.0910 315.1256 14.89325737328487
UNKNOWN                 
1 81357U          23236.07230527  .00022957  00000+0  14899-2 0  9993
2 81357  97.4244  98.3764 0142564 340.6687  18.9160 14.99982686410191
UNKNOWN                 
1 81359U          23235.10517102  .00000850  00000+0  89718-3 0  9996
2 81359  66.7971 264.5987 0119784 182.7980 177.2436 13.76349445489412
UNKNOWN                 
1 81366U          23236.46421302  .00000790  00000+0  31706-3 0  9997
2 81366  65.8828 256.3995 0729424 126.0396 241.0515 13.40832605953239
UNKNOWN                 
1 81371U          23236.52599338  .00003285  00000+0  64737-3 0  9997
2 81371  98.8985 257.8831 0084260  82.9886 278.0886 14.61041133518630
UNKNOWN                 
1 81386U          23234.01576575  .00003056  00000+0  13305-2 0  9993
2 81386  71.0568   3.7053 0116298 325.6348  33.7292 14.21217620503753
UNKNOWN                 
1 81390U          23234.98036696  .00000349  00000+0  30265-2 0  9995
2 81390 103.1407  55.7908 0172075 177.0268 183.1849 12.35116556396014
UNKNOWN                 
1 81391U          23228.92257770  .00004583  00000+0  18148-2 0  9991
2 81391  81.1968  80.6459 0012410  51.8072 308.4225 14.28747686459937
UNKNOWN                 
1 81392U          23234.20760892  .00003097  00000+0  34433-2 0  9998
2 81392 100.4299 132.2031 0054495  12.7278 138.9657 13.71758896486097
UNKNOWN                 
1 81402U          23236.05752935  .00012024  00000+0  38039-2 0  9990
2 81402  98.6945 271.8675 0006399  79.3175 280.8733 14.40272781325482
UNKNOWN                 
1 81405U          23236.28411691  .00001409  00000+0  11633-2 0  9995
2 81405  99.5425 259.9650 0165763 303.6402  54.9033 13.84738151445161
UNKNOWN                 
1 81406U          23233.34363415  .00002556  00000+0  10704-2 0  9992
2 81406  65.8095 246.6150 0887506 332.7585  22.9396 13.06742032423115
UNKNOWN                 
1 81409U 87068    23235.30765793  .00016092  00000+0  45453-2 0  9996
2 81409  82.6637 186.0368 0053414 100.5424 260.1794 14.44741984508223
UNKNOWN                 
1 81418U          23234.37849684  .00001486  00000+0  29218-2 0  9997
2 81418 100.2941  24.7973 0061061 151.7701 208.6755 13.36843621286409
UNKNOWN                 
1 81425U          23235.03783785  .00004258  00000+0  47540-2 0  9996
2 81425  99.4691 318.5989 0087587 126.5443 234.3807 13.70126063326482
UNKNOWN                 
1 81427U          23225.98671672  .00000854  00000+0  54600-3 0  9996
2 81427  98.8298 122.2704 0085830 269.6859  89.4473 14.04368134432104
UNKNOWN                 
1 81438U          23235.74197334  .00002209  00000+0  35994-2 0  9991
2 81438 100.3089  66.3871 0054132 331.3541  28.4620 13.48491156478196
UNKNOWN                 
1 81439U          23235.66956153  .00000090  00000+0  40041-3 0  9991
2 81439  67.1632 328.9171 0600516   1.4938 358.7697 12.61719593155624
UNKNOWN                 
1 81449U 85042    23236.15702929  .00008354  00000+0  24424-2 0  9993
2 81449  66.8052 151.2565 0034386  75.0783 285.4126 14.44046802510292
UNKNOWN                 
1 81478U          23236.18875083  .00002332  00000+0  10170-2 0  9994
2 81478  99.0039 121.0142 0164396 257.6054 255.1392 14.17971820503251
UNKNOWN                 
1 81488U 75052    23236.42849834  .00000199  00000+0  35152-3 0  9993
2 81488 100.1095  81.3651 0043527 284.7817 193.7394 13.55801512482594
UNKNOWN                 
1 81497U          23235.42782199  .00004197  00000+0  46382-2 0  9991
2 81497 100.3350  45.5696 0030844   4.0725  25.5416 13.72275276100247
UNKNOWN                 
1 81499U          23235.28022364  .00002436  00000+0  79779-3 0  9999
2 81499  74.0556 344.0826 0002106 270.5167  89.5746 14.38994081360896
UNKNOWN                 
1 81535U          23236.34692720  .00000968  00000+0  43604-3 0  9993
2 81535  98.1543  19.9342 0248217  56.4070 306.0529 14.09124866268718
UNKNOWN                 
1 81536U 73086    23236.03770785  .00000417  00000+0  28662-2 0  9997
2 81536 102.0381  74.6391 0026559  66.0447  87.7659 12.54564211446203
UNKNOWN                 
1 81537U 93016    23233.25690186  .00000451  00000+0  29447-3 0  9991
2 81537  71.0392  54.8643 0079151 342.9578  16.8883 14.06051676501713
UNKNOWN                 
1 81546U          23214.35228721  .00758630  00000+0  75770-2 0  9992
2 81546  66.7774  83.8128 0028412 234.2620 125.5902 15.62602201  1751
UNKNOWN                 
1 81552U          23236.04593256  .00000823  00000+0  18885-2 0  9995
2 81552  99.0399 270.9744 0264198 235.3057 122.2911 13.16288804468434
UNKNOWN                 
1 81564U          23227.43270832  .00009740  00000+0  34491-2 0  9991
2 81564  81.1791 124.3832 0033007 320.0984  39.7774 14.34179308444633
UNKNOWN                 
1 81569U          23233.11514755  .00000007  00000+0 -34852-3 0  9993
2 81569  28.0730 171.4045 0313663 323.1702  34.7644 12.46282177447376
UNKNOWN                 
1 81579U          23236.34821783  .00013960  00000+0  65103-2 0  9997
2 81579 100.0538 282.5415 0179925 283.5361  74.5819 14.12375250493513
UNKNOWN                 
1 81599U          23236.57107934  .00000861  00000+0  16550-2 0  9997
2 81599  67.2972 298.1280 0255833 326.3910 100.3807 13.29783385473166
UNKNOWN                 
1 81605U          23236.57571623 -.00000548  00000+0 -18753-2 0  9996
2 81605  56.4375  70.4623 0158858  76.7211 285.1376 12.78979460 78496
UNKNOWN                 
1 81614U 76077    23236.51789725  .00003245  00000+0  24429-1 0  9992
2 81614 101.8651 255.9625 0344663 256.2960  99.9508 12.25512361434430
UNKNOWN                 
1 81615U 92021    23234.41298611  .00001108  00000+0  42664-3 0  9995
2 81615  65.8270 215.6579 0809675 164.8341 197.8613 13.26256539470691
UNKNOWN                 
1 81617U 73086    23236.50467491  .00000311  00000+0  21244-2 0  9998
2 81617 101.2740  77.5137 0039707  95.7053 264.8553 12.56608843447400
UNKNOWN                 
1 81624U          23236.57574047  .00004153  00000+0  91522-3 0  9990
2 81624  66.9855 301.2189 0092951 214.2130 145.2974 14.55725351516669
UNKNOWN                 
1 81640U          23236.46314491  .00000313  00000+0  34434-3 0  9994
2 81640  65.8270  50.3769 0982607  58.2996 311.0033 12.55953779404372
UNKNOWN                 
1 81652U 76077    23236.04254955  .00000558  00000+0  71780-3 0  9992
2 81652 102.1583 299.7823 0376844  78.3994  39.4681 13.42277053465635
UNKNOWN                 
1 81661U          23233.07721384  .00019189  00000+0  37804-2 0  9998
2 81661  98.4216 158.7555 0049452 259.8791  99.6828 14.61776598412299
UNKNOWN                 
1 81667U          23233.13340388  .00002857  00000+0  91299-3 0  9995
2 81667  74.0446 166.7398 0018481 308.2906  51.6586 14.40012779334731
UNKNOWN                 
1 81674U          23235.25503704  .00000911  00000+0  59684-3 0  9992
2 81674  66.8258 319.7638 0023104 128.7384 264.6590 14.06484944495096
UNKNOWN                 
1 81678U          23231.24717042  .00140869  00000+0  64213-2 0  9993
2 81678  65.8180  45.5174 0017987 185.1175 349.0900 15.19721694522702
UNKNOWN                 
1 81683U          23236.31675338  .00002239  00000+0  60888-3 0  9996
2 81683  81.2194  95.0807 0030062 332.5301  27.4299 14.47005095513748
UNKNOWN                 
1 81693U 73086    23233.35004842  .00001313  00000+0  98580-2 0  9999
2 81693 101.1042  18.4033 0377863 233.6882 122.8729 12.24035727864375
UNKNOWN                 
1 81696U          23236.52215625  .00020648  00000+0  13578-2 0  9999
2 81696  97.4227 130.3454 0156545 172.2011 188.1702 14.97997135387777
UNKNOWN                 
1 81732U          23234.96786019  .00036137  00000+0  22486-2 0  9994
2 81732  65.7254 358.1388 0182046 289.7577  68.3994 14.96657858519399
UNKNOWN                 
1 81745U          23233.31751667  .00002336  00000+0  87501-3 0  9991
2 81745  71.0036  64.3253 0004993  82.4430  92.0858 14.32763514508475
UNKNOWN                 
1 81749U          23222.87296532  .00000048  00000+0  29655-3 0  9993
2 81749  99.7065   1.7991 0367497 279.1489 238.2877 12.77165069452855
UNKNOWN                 
1 81775U          23236.32643087  .00004850  00000+0  20768-2 0  9998
2 81775  82.9277 191.8485 0020145 319.6952  40.2737 14.24611907504825
UNKNOWN                 
1 81779U          23236.33295633 -.00007695  00000+0 -40286+0 0  9999
2 81779  54.3669   6.7511 1635504  54.3288 319.8930  9.26448597402138
UNKNOWN                 
1 81792U          23231.36876630  .00002449  00000+0  89882-3 0  9993
2 81792  65.8269 189.7237 0917717 297.7862  53.3062 13.05958078464408
UNKNOWN                 
1 81798U          23235.08210097  .00096662  00000+0  78588-2 0  9991
2 81798  73.9964 250.6743 0016314 231.4108 128.5617 14.98949048464947
UNKNOWN                 
1 81812U          23235.39507311  .00002587  00000+0  19195-1 0  9991
2 81812 103.5535  45.5820 0292296 225.9135 131.7518 12.31170164436639
UNKNOWN                 
1 81813U          23229.93870107  .00004489  00000+0  12115-2 0  9990
2 81813  99.0375 112.6570 0017844 122.4036 237.8885 14.48309615512594
UNKNOWN                 
1 81816U 77121    23236.42087942  .00000972  00000+0  81767-3 0  9993
2 81816  66.2375 226.7960 0175737  13.2651 347.2953 13.85403064492625
UNKNOWN                 
1 81817U          23235.64618074  .00026989  00000+0  19850-2 0  9994
2 81817  65.7207 329.4589 0202285  77.2682 285.0962 14.88368947521722
UNKNOWN                 
1 81818U          23235.89782374  .00002068  00000+0  43137-3 0  9995
2 81818  65.7501  57.1575 0657748 297.0695  56.4717 13.76128404531912
UNKNOWN                 
1 81819U          23232.16472414  .00000435  00000+0  33301-2 0  9991
2 81819 102.1977 307.4330 0033551 251.7964 107.9448 12.46066953442620
UNKNOWN                 
1 81824U          23234.98969077  .00003808  00000+0  17526-2 0  9993
2 81824  65.8495  92.3412 0035742  76.9040 283.6033 14.21909396504211
UNKNOWN                 
1 81833U          23236.27482127  .00000180  00000+0  63118-3 0  9992
2 81833  90.2566 344.1828 0028435  69.5068 290.9099 12.93229387343733
UNKNOWN                 
1 81838U          23235.14215326  .00002735  00000+0  85698-3 0  9992
2 81838  67.7632 280.8018 0033241 107.2765 285.0620 14.41620407511266
UNKNOWN                 
1 81844U          23235.00912426  .00003034  00000+0  14047-2 0  9991
2 81844  82.9203 244.6334 0078577 188.4159 171.5710 14.18941069502795
UNKNOWN                 
1 81845U          23236.40194623  .00002318  00000+0  30561-3 0  9992
2 81845  97.7313  85.4634 0100592 174.6285 308.6495 14.77543848524971
UNKNOWN                 
1 81864U          23236.34425631  .00003186  00000+0  12839-2 0  9993
2 81864  65.6722 226.0370 0782746  15.7171 346.6733 13.27573581438934
UNKNOWN                 
1 81865U 87062    23236.20185667  .00001407  00000+0  12307-2 0  9998
2 81865  82.8082 316.1285 0067934 227.6412 161.4563 13.84020883491970
UNKNOWN                 
1 81872U          23236.40440082  .00591349  53455-4  10467-1 0  9990
2 81872  61.9271  22.4338 0719474  83.7580 284.4872 14.26365364250449
UNKNOWN                 
1 81873U          23212.86383900  .00004471  00000+0  23673-2 0  9992
2 81873  99.0785 266.1253 0068069  11.9461 348.3306 14.13028291447062
UNKNOWN                 
1 81877U          23220.87269347  .00000474  00000+0  71721-3 0  9991
2 81877  65.9337 266.6980 0060393 143.6076 216.9110 13.61002785  7348
UNKNOWN                 
1 81893U 70025    23232.77508142  .00000529  00000+0  61880-3 0  9990
2 81893  99.9607 164.8668 0019636 280.4773  79.4161 13.73602655487944
UNKNOWN                 
1 81899U          23235.64296838  .00001625  00000+0  40279-2 0  9993
2 81899 102.4277 176.4223 0173703 187.6436 172.2014 13.17288830467972
UNKNOWN                 
1 81902U          23234.63180926  .00031451  00000+0  26429-2 0  9997
2 81902  81.6133 356.9538 0183239 313.2172  45.3859 14.85967706515398
UNKNOWN                 
1 81921U          23234.19463511  .00001692  00000+0  74159-3 0  9991
2 81921  65.7104 159.9109 0866592 113.2526 256.2099 13.09534887917857
UNKNOWN                 
1 81946U 87079    23236.28733264 -.00000162  00000+0 -36525-3 0  9994
2 81946  66.4241 330.3475 0666239  37.8407 355.9631 12.42121348443358
UNKNOWN                 
1 81947U          23233.90815223  .00003657  00000+0  38803-3 0  9997
2 81947  66.0830 334.8545 0449619 294.4513  61.0309 14.37042221509095
UNKNOWN                 
1 81964U          23236.33158965  .00000288  00000+0  27094-3 0  9996
2 81964  66.5846 186.7927 0044211 279.6191  79.9895 13.94839749496656
UNKNOWN                 
1 81969U          23235.22446777  .00004894  00000+0  49675-3 0  9995
2 81969  86.6728 154.7637 0008149 343.2986  16.7971 14.90638887313891
UNKNOWN                 
1 81995U          23236.08833615  .00008252  00000+0  18134-2 0  9997
2 81995  65.7540 137.6833 0576214 353.3485   6.0156 13.87791126486751
UNKNOWN                 
1 82039U          23236.47957706  .00025688  00000+0  39874-2 0  9994
2 82039  99.0521 319.6399 0031777 104.5689 255.9043 14.72734429434594
UNKNOWN                 
1 82043U          23236.04248862  .00002052  00000+0  63738-3 0  9995
2 82043  97.9212  91.4146 0255940  80.9051 282.0993 14.24813672453678
UNKNOWN                 
1 82044U          23232.20247931  .00001117  00000+0  11927-2 0  9999
2 82044  99.9118 320.8443 0064854 300.9706  58.5081 13.75499349445603
UNKNOWN                 
1 82051U          23233.01309341  .00004027  00000+0  17216-2 0  9991
2 82051  98.7951 303.0074 0113469 204.4774 155.0992 14.22097489451788
UNKNOWN                 
1 82073U          23236.19064702  .00001404  00000+0  42322-3 0  9999
2 82073  97.7136  27.2484 0233210 318.3864  39.9775 14.29399070454485
UNKNOWN                 
1 82139U          23234.35601857  .00002478  00000+0  14143-2 0  9997
2 82139  99.0896 282.9035 0090464 255.6452 103.4661 14.08583389361096
UNKNOWN                 
1 82162U          23232.91303415  .00002587  00000+0  44118-2 0  9998
2 82162 100.4167 105.8322 0054596  96.4499 264.2851 13.45384046390368
UNKNOWN                 
1 82187U          23218.27289491  .00959149  00000+0  14492-1 0  9991
2 82187  70.8984 250.6917 0020736 315.1886  44.7631 15.51963340517751
UNKNOWN                 
1 82189U          23231.53166454  .00000402  00000+0  15298-3 0  9996
2 82189  74.0360 158.4890 0017190 199.0686 160.9824 14.34068689511064
UNKNOWN                 
1 82199U          23235.49918003  .00000489  00000+0  42263-3 0  9998
2 82199  82.9693 146.3135 0035784 269.4487 214.9545 13.84228885998069
UNKNOWN                 
1 82205U          23235.01567604  .00002151  00000+0  59174-3 0  9998
2 82205  63.0054 103.1135 0556281 207.4775 149.5823 13.84819890490916
UNKNOWN                 
1 82223U          23233.99713895  .00002448  00000+0  14983-2 0  9995
2 82223  99.3838  77.9041 0073253 162.6423 197.7272 14.05526624329993
UNKNOWN                 
1 82227U          23234.86998689  .00000147  00000+0  13920-2 0  9996
2 82227 101.9250 203.4665 0000931 132.9050 254.0650 12.42112044536524
UNKNOWN                 
1 82250U          23221.20598816  .00003535  00000+0  21941-2 0  9990
2 82250  98.9327 124.4852 0082853  77.5320  74.8602 14.04008302496023
UNKNOWN                 
1 82272U          23228.87230054  .00000857  00000+0  27868-2 0  9999
2 82272  67.5252 296.7830 0763059 288.7438  63.2292 12.32583308167288
UNKNOWN                 
1 82284U          23236.08036346  .00008333  00000+0  25913-2 0  9998
2 82284  99.5517  98.2611 0093294 347.4347  12.4512 14.38791379550915
UNKNOWN                 
1 82285U          23233.53186475  .00005771  00000+0  53438-2 0  9991
2 82285 102.0012 127.2007 0338928 317.9380  39.6180 13.60017450480563
UNKNOWN                 
1 82295U          23230.65222772  .00001360  00000+0  54585-3 0  9998
2 82295  66.6202 209.2317 0121218 100.7671 260.7098 14.27272547458663
UNKNOWN                 
1 82303U          23234.27961698  .00012492  00000+0  22652-1 0  9993
2 82303  81.9316 339.3361 0062773 161.4673 227.5237 13.40018021399725
UNKNOWN                 
1 82311U          23234.15548845  .00000799  00000+0  12189-2 0  9996
2 82311  99.4968 313.6598 0109723 270.7083  88.1483 13.52809294436183
UNKNOWN                 
1 82363U          23234.29555214  .00000872  00000+0  14728-2 0  9999
2 82363  66.9363 198.2277 0461547 342.5911  15.9741 13.14327182179360
UNKNOWN                 
1 82369U 99025    23225.85220888  .00000374  00000+0  28831-3 0  9996
2 82369  98.9673 253.2541 0084546 168.3661 191.9482 13.97349487438163
UNKNOWN                 
1 82381U          23236.00664747  .00006354  00000+0  17889-2 0  9994
2 82381  98.4610  74.5577 0014920 228.4629 131.5284 14.46096215387905
UNKNOWN                 
1 82402U          23236.19205970  .00004233  00000+0  44311-3 0  9992
2 82402  86.6731 154.8059 0008578 341.5572  18.5342 14.89360326328655
UNKNOWN                 
1 82410U          23235.33416842  .00000252  00000+0  32893-3 0  9997
2 82410  66.6562 199.6396 0069214 235.8194 123.6302 13.76428975470768
UNKNOWN                 
1 82428U          23236.41193504  .00067425  00000+0  23212-1 0  9991
2 82428  63.1558 310.7549 0039295  63.3378 297.1706 14.34996929304208
UNKNOWN                 
1 82432U 93036    23234.41217750  .00001768  00000+0  42942-3 0  9996
2 82432  74.0086 141.2722 0061733 152.1914 208.2572 14.52487374360200
UNKNOWN                 
1 82448U          23236.11304585  .00002990  00000+0  31187-3 0  9991
2 82448  85.8743 283.6763 0011637  45.0957 315.1211 14.89353047311201
UNKNOWN                 
1 82453U          23235.07067519  .00000008  00000+0  39600-3 0  9990
2 82453 102.0487 185.3136 0094228 325.5043  33.9929 12.39592400441649
UNKNOWN                 
1 82458U          23230.58078085  .00002982  00000+0  16078-2 0  9992
2 82458  66.5107 211.9330 0073554 226.3153 133.1826 14.12729721489943
UNKNOWN                 
1 82464U          23230.17766500  .00017893  00000+0  39783-2 0  9995
2 82464  70.9957 144.7177 0066932 335.3595  95.0799 14.55607410511394
UNKNOWN                 
1 82475U          23227.59174220  .00001569  00000+0  91851-3 0  9999
2 82475  99.0919 277.0239 0100530 311.3403  47.9148 14.07302169426423
UNKNOWN                 
1 82484U          23232.85009575  .00000192  00000+0  33680-3 0  9991
2 82484  99.4587 283.1365 0045199 171.2387 188.9550 13.55308971476167
UNKNOWN                 
1 82500U          23230.04918330  .00002649  00000+0  14570-2 0  9992
2 82500  70.9738 341.7349 0139261 315.4586  43.5405 14.07758553499206
UNKNOWN                 
1 82517U          23236.55536776  .00016558  00000+0  35524-2 0  9998
2 82517  86.3644  79.2467 0021147 147.1882 213.0646 14.58412229301898
UNKNOWN                 
1 82524U          23236.60194506  .00004511  00000+0  18832-2 0  9992
2 82524  73.2908 333.4277 0167397 134.5622 289.2804 14.19215607457068
UNKNOWN                 
1 82529U          23228.77450112  .00000701  00000+0  11620-2 0  9999
2 82529  99.8152 328.4332 0241410 148.0578   4.4001 13.39399510476012
UNKNOWN                 
1 82545U          23232.88720170 -.00000027  00000+0  41275-3 0  9990
2 82545  64.8807 100.3627 0165159  94.5535 267.4277 11.30791015343380
UNKNOWN                 
1 82560U          23231.60381475  .00001101  00000+0  98589-3 0  9990
2 82560 100.0073 103.8429 0011904  16.8185  13.2368 13.86847649494427
UNKNOWN                 
1 82561U          23233.31029230  .00014909  00000+0  33054-2 0  9994
2 82561  63.1045 124.8958 0518062  33.5514  63.9353 13.97684245493759
UNKNOWN                 
1 82597U          23233.27189394  .00001415  00000+0  54317-3 0  9990
2 82597  66.7711 201.4938 0107917 219.7864 139.5286 14.30200028507983
UNKNOWN                 
1 82617U          23235.08155924  .00000971  00000+0  27126-3 0  9990
2 82617  74.0286  22.4409 0040214 175.1956 184.9597 14.47097131514830
UNKNOWN                 
1 82627U          23235.03056807  .00000954  00000+0  25354-2 0  9997
2 82627  82.4764 128.7130 0015522  21.9066  41.7180 13.14565510468032
UNKNOWN                 
1 82642U          23231.52574454  .00002649  00000+0  16267-2 0  9993
2 82642  98.9929 139.9521 0145940  72.8219 288.8864 14.01367986497360
UNKNOWN                 
1 82683U 99057    23236.13249139  .00000803  00000+0  34108-3 0  9994
2 82683  98.1767 358.4182 0222126 330.3793  28.4951 14.15468573343004
UNKNOWN                 
1 82693U          23232.92585321  .00002020  00000+0  26337-2 0  9991
2 82693 100.5347 112.6993 0047643 322.4794  37.3023 13.62777183438408
UNKNOWN                 
1 82698U          23230.51073156  .00001878  00000+0  11538-2 0  9994
2 82698  61.6087 249.6274 0717263 342.1022  15.5850 13.23379076425979
UNKNOWN                 
1 82708U          23229.10728297  .00000871  00000+0  35869-2 0  9997
2 82708 102.1478 341.7336 0066427 196.4488 163.4446 12.88165319414148
UNKNOWN                 
1 82729U          23235.25946640  .00000107  00000+0  49747-3 0  9990
2 82729  67.9591 160.9462 0841239 227.0142 125.7328 12.16720617432673
UNKNOWN                 
1 82737U          23234.23372446  .00009767  00000+0  10764-1 0  9999
2 82737 102.9884 155.8545 0256147 203.5706 155.3510 13.59123830431533
UNKNOWN                 
1 82739U          23235.00190230  .00001031  00000+0  94538-3 0  9995
2 82739  99.0322  55.4683 0179920  25.0660 123.9112 13.78096769489831
UNKNOWN                 
1 82741U          23236.15573005  .00002300  00000+0  28016-2 0  9997
2 82741 102.8631 355.2550 0204362 341.3160  18.0544 13.59247631482440
UNKNOWN                 
1 82783U          23234.85945736  .00000419  00000+0  12266-2 0  9991
2 82783  90.3126  12.6242 0023479 216.0817 143.8726 13.07607875394144
UNKNOWN                 
1 82785U          23233.42729147  .00027590  00000+0  27147-2 0  9994
2 82785  63.1121 243.3215 0337862  71.7161 292.0366 14.57754463509095
UNKNOWN                 
1 82798U          23223.07288556  .00001891  00000+0  93931-3 0  9993
2 82798  82.9544 153.0764 0029919 217.6146 155.5520 14.16428802191102
UNKNOWN                 
1 82820U          23233.06810803  .00002422  00000+0  10546-2 0  9996
2 82820  99.7900 280.8155 0057188 243.8219 115.7068 14.24251202504968
UNKNOWN                 
1 82829U          23234.27077140  .00000273  00000+0  87310-2 0  9993
2 82829  65.1024 332.4907 0170863 165.5659 224.2169 11.29005141390854
UNKNOWN                 
1 82854U          23231.08528868  .00002142  00000+0  18098-2 0  9999
2 82854  82.6932   5.9175 0136060 152.6047 208.2375 13.83121073962921
UNKNOWN                 
1 82873U          23233.59773314  .00003412  00000+0  17848-2 0  9999
2 82873 100.0024   7.3422 0045507  95.1833 265.4532 14.14604927501455
UNKNOWN                 
1 82875U          23234.77668749  .00000605  00000+0  17457-3 0  9995
2 82875  98.6118 233.1441 0389612 178.0665 182.2126 14.11982538425370
UNKNOWN                 
1 82893U          23236.20949106  .00003974  00000+0  21540-2 0  9993
2 82893  98.9653 327.4532 0030453 293.9820  65.8164 14.12777787304408
UNKNOWN                 
1 82912U          23232.94059604  .00003229  00000+0  13935-2 0  9999
2 82912  65.8400 305.8270 0818774 293.5160  58.1931 13.18214156467560
UNKNOWN                 
1 82959U          23236.36657712  .00001381  00000+0  78405-3 0  9995
2 82959 100.0875 289.2622 0053053  31.7091 328.7253 14.11275057425020
UNKNOWN                 
1 82961U          23235.50666286  .00005998  00000+0  12326-1 0  9995
2 82961  99.9307  75.8656 0458652 149.7397 213.1064 12.99662198445331
UNKNOWN                 
1 82965U 70025    23236.33992769  .00000991  00000+0  14564-2 0  9998
2 82965 100.1753 277.5153 0002197 110.8033 249.3339 13.57195848410193
UNKNOWN                 
1 83903U          23235.87816181 -.00000071  00000+0  00000+0 0  9995
2 83903   8.2459 298.7366 0130051 224.9600 135.7962  0.99115985 35320
UNKNOWN                 
1 83934U          23235.87746562  .00000044  00000+0  00000+0 0  9993
2 83934   7.6756 304.3410 0231316 245.4494 104.0175  1.02660704 36635
UNKNOWN                 
1 83970U          23235.86942656  .00001374  00000+0  11342-2 0  9995
2 83970  18.2917  84.1321 5155091 200.4865 127.4829  5.22109429151775
UNKNOWN                 
1 84006U          23236.34445998 -.00000155  00000+0  00000+0 0  9990
2 84006  23.8904 340.2205 6130619 136.6245 292.6725  2.16235752 66025
UNKNOWN                 
1 84170U 12008    23236.50313285  .00009119  00000+0  52012-2 0  9995
2 84170  21.2823   7.0628 6910904 214.5133  70.4935  2.72732309 71282
UNKNOWN                 
1 84188U          23236.02300174  .00054142  00000+0  97491-1 0  9998
2 84188  64.9514 104.9067 4651034  89.4354 321.7914  5.90821279187649
UNKNOWN                 
1 84236U          23233.91645657 -.00000073  00000+0 -14527-4 0  9993
2 84236   9.4696   1.4595 6922553  58.5665 351.0294  2.60166534180635
UNKNOWN                 
1 84292U          23236.25371080  .00015843  00000+0  46246-2 0  9991
2 84292  23.8462 231.3369 4721122  38.8143 347.1294  6.02978367176344
UNKNOWN                 
1 84406U          23230.62327480  .00000658  00000+0  37414-2 0  9993
2 84406 101.6878 355.1335 0041837 268.4929 103.1147 12.65814623942069
UNKNOWN                 
1 84407U          23236.23900006  .00000223  00000+0  54010-2 0  9997
2 84407  18.7089 214.9544 7205252 321.1287   4.5260  2.05758258 58545
UNKNOWN                 
1 84415U          23207.67811207  .22308466 -14118-4  86345-2 0  9997
2 84415  23.3955  29.4821 0281876 136.8243 225.4727 15.72633210145825
UNKNOWN                 
1 84434U          23236.40548892  .00004632  00000+0  98265-2 0  9995
2 84434  20.3806 290.7098 7137435 175.0063 200.8367  2.38829548 66097
UNKNOWN                 
1 84452U          23236.28315430  .00003020  00000+0  60248-3 0  9992
2 84452   2.8382  80.7221 6121003 330.1010   5.8957  3.86149899122274
UNKNOWN                 
1 84565U          23236.22642427  .00003278  00000+0  57419-2 0  9990
2 84565   2.6358 359.0490 7210442 106.3861 338.3707  2.30874842 44365
UNKNOWN                 
1 84575U          23209.67055716 -.00000360  00000+0 -79338-2 0  9994
2 84575  18.5901  85.8567 7119482 213.9895  67.5479  2.19795736 46369
UNKNOWN                 
1 84588U          23236.20586342  .00003017  00000+0  17903-2 0  9991
2 84588   1.9749 157.5558 6971279  61.5508 350.5307  2.64697500 85439
UNKNOWN                 
1 84911U          23236.53012878 -.00000486  00000+0 -65719-2 0  9992
2 84911   1.7385  90.1898 6564511 357.1842  28.2984  2.96010141105645
UNKNOWN                 
1 84932U          23236.36198726  .00000796  00000+0  78280-2 0  9992
2 84932   2.4837 332.4608 6563062 238.9522 149.1805  2.99119176106557
UNKNOWN                 
1 84950U          23236.17340903 -.00000435  00000+0  00000+0 0  9990
2 84950   2.2314 303.5588 6947878  65.2367  79.8462  2.04189090 72794
UNKNOWN                 
1 84961U          23236.47769386 -.00000308  00000+0  00000+0 0  9994
2 84961   7.5175 291.6899 0145141 238.1258 120.4895  0.98630165 35155
UNKNOWN                 
1 85004U          23236.41480024  .00001012  00000+0  34881-3 0  9996
2 85004  98.3172 216.4707 0050323 165.9325 348.4705 14.37209797511030
UNKNOWN                 
1 85010U          23233.15907089  .00000967  00000+0  11062-2 0  9999
2 85010  99.3188 108.8211 0026920 311.0370 200.5415 13.72189979487966
UNKNOWN                 
1 85015U          23233.28240516  .00000761  00000+0  16329-3 0  9997
2 85015  74.0475 211.8027 0015339 330.9964  29.0348 14.60388545519256
UNKNOWN                 
1 85023U          23235.44325439  .00004652  00000+0  17274-2 0  9996
2 85023  99.8571  98.8972 0003627 335.9882 147.2097 14.32736844506797
UNKNOWN                 
1 85027U          23233.85104667  .00000159  00000+0  22508-3 0  9996
2 85027  66.0436   6.9408 0186074 276.4122  81.5783 13.73593414488682
UNKNOWN                 
1 85047U          23233.15803237  .00007263  00000+0  17240-1 0  9998
2 85047 102.2003  29.9113 0161198  64.6086 297.1612 13.19004783464306
UNKNOWN                 
1 85061U          23231.22699830  .00004507  00000+0  19042-1 0  9992
2 85061 102.5668 125.8166 0327306  21.2157 127.2547 12.68072460448110
UNKNOWN                 
1 85100U          23233.06356935  .00000441  00000+0  15017-3 0  9999
2 85100  74.0487 342.7134 0011832  58.6773 115.9681 14.39365258511757
UNKNOWN                 
1 85106U          23236.36378796  .00000584  00000+0  70542-3 0  9992
2 85106 100.1164 284.5476 0009526 357.0549  64.5354 13.71260270487685
UNKNOWN                 
1 85111U 73086    23234.11302005 -.00000127  00000+0 -53447-3 0  9993
2 85111 101.6870 200.5016 0011551 135.2133 224.9873 12.51283497360383
UNKNOWN                 
1 85151U 86019    23236.00952959  .00006207  00000+0  17741-2 0  9995
2 85151  98.4681  74.7722 0013871 219.0523 140.9667 14.45385733356728
UNKNOWN                 
1 85159U          23234.96871920  .00007754  00000+0  34124-2 0  9992
2 85159  98.8306 143.2916 0074315 121.6359 239.2096 14.22237324379557
UNKNOWN                 
1 85175U          23232.63337309  .00305737  00000+0  14550-1 0  9992
2 85175 101.3311  19.4184 0045748 195.5070 164.4750 15.16836750501285
UNKNOWN                 
1 85210U 75052    23236.26870236  .00001135  00000+0  11589-2 0  9990
2 85210  99.7947 348.0305 0216671 309.6559  77.4797 13.69172298486902
UNKNOWN                 
1 85217U          23236.38153742  .00004018  00000+0  12040-2 0  9993
2 85217  97.9659  22.3914 0233304 135.2404 226.7869 14.28692328507361
UNKNOWN                 
1 85220U          23235.88927420  .00012011  00000+0  25763-2 0  9991
2 85220  99.4015 117.7127 0139426 255.9617 102.6042 14.52890107510382
UNKNOWN                 
1 85237U          23234.46328359  .00005816  00000+0  14160-2 0  9992
2 85237  65.5401 241.1136 0569382  46.9875 317.7466 13.85455753490876
UNKNOWN                 
1 85238U          23236.07710740  .00000065  00000+0  88906-4 0  9993
2 85238  98.9715 182.0320 0062971 319.8721  99.7588 13.88067617494065
UNKNOWN                 
1 85246U          23236.45322989  .00001145  00000+0  44982-3 0  9993
2 85246  98.0701 307.2815 0233650 254.8318 102.6911 14.17259471503726
UNKNOWN                 
1 85370U          23232.68434328  .00000996  00000+0  92190-3 0  9990
2 85370 100.0007  24.9072 0010756  91.3712 340.0036 13.85179299491979
UNKNOWN                 
1 85373U          23236.24587514  .00002054  00000+0  15960-2 0  9991
2 85373 100.3863 151.3098 0050348 283.2256 230.3820 13.93334971494664
UNKNOWN                 
1 85383U          23230.75493014  .00010879  00000+0  24596-2 0  9992
2 85383  98.6484 340.5601 0088553  31.4679 329.1771 14.53972117463100
UNKNOWN                 
1 85386U          23235.31852302  .00012295  00000+0  24219-2 0  9997
2 85386  98.6601   2.1412 0089749 298.2094  91.0841 14.60126402514440
UNKNOWN                 
1 87014U          23235.24075149  .00002132  00000+0  36469-2 0  9994
2 87014 100.5381 143.7123 0053818  93.9509  59.8854 13.45472185477345
UNKNOWN                 
1 87029U 99025    23212.36270229  .00001703  00000+0  11237-2 0  9998
2 87029  98.8457 265.2116 0083583 146.9692 213.6733 14.01313513471667
UNKNOWN                 
1 87042U 00055    23235.99024338  .00000544  00000+0  36388-3 0  9997
2 87042  98.8140 295.5464 0043213 300.9193  58.7730 14.04689317435685
UNKNOWN                 
1 87051U 76126    23236.03281561  .00002777  00000+0  99377-3 0  9995
2 87051  65.7296  89.9623 0748032 160.6696 202.4425 13.38758442475609
UNKNOWN                 
1 87054U 75052    23235.61368780  .00002392  00000+0  15762-2 0  9995
2 87054 100.0921   5.6065 0015849  95.3967 264.9003 14.02884026497882
UNKNOWN                 
1 87065U 99025    23235.37126886  .00001559  00000+0  19063-2 0  9997
2 87065  98.7064 201.7501 0335541 303.9180  53.0466 13.45865873403161
UNKNOWN                 
1 87071U 68097    23236.37387508  .00001811  00000+0  74765-3 0  9992
2 87071  61.2219 223.2212 0544340 190.8469 168.0419 13.70945964486518
UNKNOWN                 
1 87074U 77121    23235.16470869  .00000255  00000+0  34764-3 0  9998
2 87074  66.1427 142.0839 0146459   8.5372 351.8130 13.70580445487675
UNKNOWN                 
1 87113U 76126    23236.54572030  .00006260  00000+0  80576-3 0  9996
2 87113  65.6603  73.7848 0318402 290.8663  95.6955 14.52148881510510
UNKNOWN                 
1 87129U 76077    23235.12747670  .00000143  00000+0  13773-2 0  9993
2 87129 102.2963 304.5922 0032978 192.2561 167.7703 12.42294228442010
UNKNOWN                 
1 87159U          23236.43211475  .00001620  00000+0  19817-2 0  9999
2 87159  90.3215  40.1600 0116693 227.1848 131.9456 13.62579880441974
UNKNOWN                 
1 87163U 76126    23235.14029550  .00005068  00000+0  16457-2 0  9991
2 87163  65.6024 139.5129 0680745  73.5909 293.8823 13.54311733463002
UNKNOWN                 
1 87164U          23233.00370878  .00003434  00000+0  92357-3 0  9994
2 87164  65.2061 234.3956 0124003  46.7790 314.3577 14.44940294513160
UNKNOWN                 
1 87203U          23227.86864772  .00040899  00000+0  54123-2 0  9990
2 87203  98.8752 202.0188 0042841  39.5383 320.8937 14.79132326428860
UNKNOWN                 
1 87204U          23235.48345895  .00001758  00000+0  78997-3 0  9995
2 87204  98.6201 102.5739 0048315 266.3373  93.2279 14.23016967505389
UNKNOWN                 
1 87211U          23231.58741762  .00002929  00000+0  10177-2 0  9999
2 87211  99.0152 170.8370 0065215 133.9254  40.8868 14.35106617585926
UNKNOWN                 
1 87214U 70025    23236.22302146  .00001136  00000+0  11160-2 0  9993
2 87214 100.3015 145.9275 0073273 251.1675 108.1517 13.80304202484008
UNKNOWN                 
1 87235U          23222.68834946  .00008438  00000+0  28643-2 0  9991
2 87235  98.9883  27.8516 0144451 174.9227 185.3460 14.31174585463258
UNKNOWN                 
1 87237U 99025    23235.93011955  .00000421  00000+0  35820-3 0  9997
2 87237  99.3666 278.1367 0105193  34.9416  87.4964 13.90540817494719
UNKNOWN                 
1 87239U 81053    23235.96739304  .00004560  00000+0  17247-2 0  9999
2 87239  82.8814  64.4825 0029749 133.7494 226.6163 14.30836050506662
UNKNOWN                 
1 87245U 71015    23235.11282385  .00004064  00000+0  95841-3 0  9998
2 87245  65.6595 111.6656 0499928 170.6576 343.9220 13.99351885495602
UNKNOWN                 
1 87271U 71015    23236.59828288  .00007564  00000+0  16900-2 0  9994
2 87271  65.7715 294.5435 0517447 143.7411 219.9932 13.97784694493817
UNKNOWN                 
1 87280U          23236.17877395  .00000415  00000+0  79413-3 0  9994
2 87280  64.6166 154.6227 0090719 100.3609 260.7670 13.47475370420418
UNKNOWN                 
1 87293U 71015    23236.29057303  .00006508  00000+0  15950-2 0  9998
2 87293  65.9073 187.8721 0487378  92.9621 272.7319 13.99581472495481
UNKNOWN                 
1 87300U 70025    23234.54811949  .00001530  00000+0  11776-2 0  9999
2 87300 100.0562 127.4602 0033649  14.6188 345.5935 13.94605297495388
UNKNOWN                 
1 87304U          23231.51205605  .00002193  00000+0  37004-3 0  9998
2 87304  74.0210 170.3937 0020252 350.1746   9.9026 14.69969759521903
UNKNOWN                 
1 87305U 93036    23229.77794977  .00023457  00000+0  31465-2 0  9990
2 87305  73.9874  49.8687 0027258  55.9045 304.4712 14.79027415349611
UNKNOWN                 
1 87320U 71015    23233.16797632  .00002127  00000+0  13833-2 0  9999
2 87320  66.5964 289.2026 0449844 231.0203 124.9981 13.64134696478298
UNKNOWN                 
1 87334U          23236.54319843  .00008420  00000+0  91392-2 0  9997
2 87334  90.0124 271.0632 0070613 321.6461  37.9692 13.71744869270289
UNKNOWN                 
1 87335U          23235.04770515  .00009266  00000+0  10188-1 0  9991
2 87335  90.0018 268.7049 0078893 295.0512  64.2476 13.70711327270124
UNKNOWN                 
1 87397U 94029    23235.88421518  .00071594  00000+0  29182-2 0  9999
2 87397  81.2255 291.8191 0009744 158.7192 201.4448 15.24103732433794
UNKNOWN                 
1 87405U 81053    23236.30698548  .00002601  00000+0  20485-2 0  9999
2 87405  82.7576   0.4973 0052402 222.3184 137.3932 13.90752236493966
UNKNOWN                 
1 87410U 76077    23234.24516610  .00002151  00000+0  19780-1 0  9990
2 87410 102.2425 167.8184 0188833 141.6572 219.8076 12.20978789434074
UNKNOWN                 
1 87416U 81053    23235.63167309  .00006552  00000+0  24020-2 0  9990
2 87416  82.8354 342.7531 0020737 189.5599 170.5197 14.32584223488271
UNKNOWN                 
1 87426U          23234.57922578  .00002945  00000+0  14646-2 0  9998
2 87426  65.7898  77.1957 0067094   9.2822  23.3803 14.17364368502589
UNKNOWN                 
1 87433U          23236.33931797  .00001838  00000+0  35368-2 0  9999
2 87433 100.1736  19.9479 0050576 133.5067 227.0279 13.38062698319998
UNKNOWN                 
1 87448U 70025    23233.23057000  .00001553  00000+0  13743-2 0  9998
2 87448 100.4276 328.9301 0067288 220.8588 138.7509 13.85887330492052
UNKNOWN                 
1 87456U 76126    23236.13227698  .00009302  00000+0  16965-2 0  9998
2 87456  65.7899 130.2414 0578443  74.3401 292.0697 13.94005821493375
UNKNOWN                 
1 87517U 76126    23233.04562707  .00003918  00000+0  12188-2 0  9996
2 87517  65.8241 112.2631 0715090 350.6607  69.2781 13.49829023478408
UNKNOWN                 
1 87541U 70025    23235.14984781  .00000236  00000+0  54614-3 0  9999
2 87541  99.8117 116.2530 0059812 135.8250  16.4931 13.35109157469579
UNKNOWN                 
1 87553U 76126    23236.49854185  .00001642  00000+0  53977-3 0  9996
2 87553  65.6708 218.0078 0737176 241.1302 111.3864 13.45004543477744
UNKNOWN                 
1 87557U 73086    23230.56373375  .00003457  00000+0  89548-2 0  9999
2 87557 101.8675 330.6881 0068792  96.4207 264.4740 13.17390390453039
UNKNOWN                 
1 87561U 76077    23232.92985796 -.00000123  00000+0 -62347-3 0  9993
2 87561 102.1193 299.2585 0175132  38.0113 136.6337 12.32127235438384
UNKNOWN                 
1 87565U 99025    23235.53492814  .00001185  00000+0  70664-3 0  9997
2 87565  99.8853 140.5365 0181596 286.1657  71.9588 14.01684430498262
UNKNOWN                 
1 87569U 99025    23234.63724605 -.00000017  00000+0  15604-3 0  9994
2 87569 101.8909  11.6601 0056081 110.7196 318.6521 12.68496185451562
UNKNOWN                 
1 87587U 93036    23236.27057722  .00000295  00000+0  10356-3 0  9997
2 87587  74.0233 217.8565 0019471  98.6676 261.6685 14.39194415512715
UNKNOWN                 
1 87590U 99025    23232.34341642  .00000811  00000+0  49745-3 0  9994
2 87590  98.8917 274.2317 0028322 145.9218 274.8379 14.08380992 35165
UNKNOWN                 
1 87616U 76067    23236.36162021  .00000414  00000+0  15869-2 0  9990
2 87616  66.0402   1.2648 0636773 137.7728 260.9093 12.45498514431398
UNKNOWN                 
1 87624U 99025    23236.14041219  .00003551  00000+0  73692-3 0  9993
2 87624  98.7046 119.7197 0122806 330.1937  29.2302 14.56208074457251
UNKNOWN                 
1 87650U          23231.21881373  .00006727  00000+0  22224-2 0  9995
2 87650 100.2780 214.5536 0044715 182.8369 177.2565 14.37843441 65395
UNKNOWN                 
1 87672U 93016    23231.41570036  .00003082  00000+0  14196-2 0  9991
2 87672  70.8626  24.6859 0061487 120.1105 240.6134 14.20864090503946
UNKNOWN                 
1 87681U          23235.54503876  .00000711  00000+0  84242-3 0  9994
2 87681  66.7377 288.9546 0157373 355.6140   4.3536 13.68252899486495
UNKNOWN                 
1 87690U 76126    23235.70554528  .00007490  00000+0  12847-2 0  9996
2 87690  65.8012 355.8971 0641520 111.9480 255.1022 13.84395957490143
UNKNOWN                 
1 87706U          23236.32406277  .00002150  00000+0  49232-3 0  9995
2 87706  98.6045  15.1919 0127446 332.6284  56.5652 14.51875809455898
UNKNOWN                 
1 87725U 81053    23235.81304506  .00006095  00000+0  17335-2 0  9998
2 87725  82.8928 265.2719 0024196 255.3242 104.5271 14.45067631510648
UNKNOWN                 
1 87730U          23236.45595392  .00000087  00000+0  75887-4 0  9996
2 87730  82.9464 136.5018 0029540 185.8450 174.2365 13.74279438469774
UNKNOWN                 
1 87737U 99025    23235.12542069  .00000023  00000+0  69805-4 0  9997
2 87737  99.4989 109.0098 0132791 221.4022 137.7003 13.72110856488291
UNKNOWN                 
1 87764U 76126    23236.13647427  .00005553  00000+0  11525-2 0  9997
2 87764  65.6770 278.4116 0447496 140.6021 258.0241 14.13006232499334
UNKNOWN                 
1 87771U 75052    23236.27173961  .00000099  00000+0  35140-3 0  9994
2 87771 100.7305  43.1147 0120485 108.8616 252.5606 13.19187181424127
UNKNOWN                 
1 87782U 73086    23234.79306750  .00002526  00000+0  92566-2 0  9991
2 87782 102.4133 349.7566 0071098 139.8334 220.8043 12.93749885458691
UNKNOWN                 
1 87843U 70025    23233.20155967  .00001831  00000+0  44998-2 0  9990
2 87843  99.6766  49.2724 0244376 176.9182 183.3503 13.12026235453227
UNKNOWN                 
1 87845U          23233.27095821  .00001138  00000+0  22768-2 0  9998
2 87845  98.8744 347.5731 0581424  33.2945 330.3361 12.85615953456553
UNKNOWN                 
1 87878U          23236.10393071  .00002260  00000+0  86118-3 0  9994
2 87878  99.1841 292.8226 0041199 199.4060 160.5554 14.31474796490517
UNKNOWN                 
1 87883U 99025    23235.00157636  .00000641  00000+0  24553-3 0  9994
2 87883  99.1905 149.5944 0292945 224.2980 133.4410 14.13446259453213
UNKNOWN                 
1 87884U 99025    23235.30729425  .00000137  00000+0  10085-3 0  9994
2 87884  98.6635   1.2716 0155154 278.8859  79.4771 14.04843096500031
UNKNOWN                 
1 87898U 99025    23236.14875480  .00005682  00000+0  17590-2 0  9992
2 87898  98.8910 121.6337 0116540 198.5949 161.0961 14.37765392507386
UNKNOWN                 
1 87934U          23234.22399601  .00000101  00000+0  92877-4 0  9995
2 87934  82.9371 202.9770 0029717 218.8119 202.5292 13.72894683488560
UNKNOWN                 
1 87942U          23234.08424168  .00014106  00000+0  10655-2 0  9997
2 87942  99.0832 275.5573 0107558 300.4688  89.4006 14.97980315520373
UNKNOWN                 
1 87991U 77065    23236.17239340  .00005322  00000+0  11042-1 0  9994
2 87991  28.6169 184.4233 0904025  73.5801 296.2071 12.30821261419059
UNKNOWN                 
1 87998U 99025    23235.30615776  .00000945  00000+0  56748-3 0  9996
2 87998  98.6502 265.0374 0028861 118.7497 241.6579 14.09000817430159
UNKNOWN                 
1 89003U          23229.41124077  .00000383  00000+0  14303-3 0  9991
2 89003  74.0470 130.0403 0015098  34.6030 325.6101 14.35101931509802
UNKNOWN                 
1 89005U          23236.11684906  .00002535  00000+0  65764-3 0  9998
2 89005  97.9283 118.4962 0215414  83.6682 278.8991 14.37550608412834
UNKNOWN                 
1 89029U          23235.08671489  .00003038  00000+0  38631-3 0  9993
2 89029  98.1500 106.0112 0028284 195.5691 164.4654 14.82122738525778
UNKNOWN                 
1 89067U          23236.17631150  .00045173  00000+0  11590-2 0  9997
2 89067  80.9816 145.3112 0478996  21.7041 340.3721 14.69308679460316
UNKNOWN                 
1 89074U          23236.14528289  .00003052  00000+0  33830-2 0  9991
2 89074 100.3238 303.3471 0046820   5.9698  26.4934 13.72112709473741
UNKNOWN                 
1 89101U          23235.74604312 -.00000205  00000+0 -48543-3 0  9996
2 89101 100.3576 192.0454 0146724 186.9715 172.9350 13.03733814445114
UNKNOWN                 
1 89123U          23234.80382369  .00009039  00000+0  37475-2 0  9994
2 89123  99.0700 353.2559 0061740 140.5966 219.9728 14.25723427407412
UNKNOWN                 
1 89132U          23230.21289909  .00004233  00000+0  42491-2 0  9996
2 89132  63.4559 308.7338 3024471 320.3345  21.0725  8.77418775250312
UNKNOWN                 
1 89142U          23236.10330676  .00067930  00000+0  68256-1 0  9998
2 89142  64.7907 269.8890 2085299  27.2293 342.3964 10.48460811 40852
UNKNOWN                 
1 89146U          23236.26427363  .00002394  00000+0  56445-3 0  9991
2 89146  98.2064 163.9837 0113817 144.9735 215.9015 14.51267348506331
UNKNOWN                 
1 89161U          23236.48425985  .00011261  00000+0  13290-2 0  9993
2 89161  97.7064 249.6698 0116631  24.1938 336.4691 14.80046416422373
UNKNOWN                 
1 89172U 81053    23236.08606391  .00004668  00000+0  10556-2 0  9995
2 89172  82.0749 273.4808 0385234 293.8753  62.2506 14.19050206481432
UNKNOWN                 
1 89177U          23227.16517576  .00000096  00000+0  87079-4 0  9995
2 89177  82.9234 179.6494 0032388 351.7440   8.3178 13.73503309946190
UNKNOWN                 
1 89183U          23235.02800583  .00000464  00000+0  45903-3 0  9997
2 89183  99.2141 155.3501 0131238 236.2778 122.5810 13.79912890490674
UNKNOWN                 
1 89184U          23236.34854416  .00006125  00000+0  17190-2 0  9994
2 89184  98.4568  75.1291 0016796 217.7134 142.2882 14.46244776369304
UNKNOWN                 
1 89195U          23231.42026648  .00004164  00000+0  16849-2 0  9999
2 89195  98.7469 303.8106 0032812 175.8899 184.2557 14.28035330406710
UNKNOWN                 
1 89206U          23235.03733292  .00006253  00000+0  23437-2 0  9995
2 89206  98.6779 263.7510 0029845 111.4002 249.0370 14.31780872365521
UNKNOWN                 
1 89213U          23236.55114557  .00000396  00000+0  28876-3 0  9993
2 89213  98.8641 139.5643 0230691 269.2458  88.2265 13.89860718335743
UNKNOWN                 
1 89218U          23231.05582483  .00001503  00000+0  13905-2 0  9992
2 89218 100.3650  92.0207 0106135  41.4706 319.4437 13.81828032476546
UNKNOWN                 
1 89251U          23236.50183099  .00003812  00000+0  28235-2 0  9991
2 89251  62.5125 344.8755 3015605  25.5453 346.7758  8.86240948296970
UNKNOWN                 
1 89255U          23232.89914416  .00001503  00000+0  19548-2 0  9990
2 89255  98.6476 104.8108 0362802  82.4492 281.7691 13.38954339382019
UNKNOWN                 
1 89261U          23235.51587771  .00000820  00000+0  27211-3 0  9997
2 89261  98.1666 257.1921 0013215 185.5260 174.5785 14.40163044412461
UNKNOWN                 
1 89281U          23233.33907587  .00022942  00000+0  46047-2 0  9994
2 89281  99.3395  50.5458 0012829 169.7805 311.1671 14.61624319512413
UNKNOWN                 
1 89304U          23236.19227462  .00005584  00000+0  24072-1 0  9990
2 89304  84.7483 310.1691 2702366 316.2073  43.8761  8.89880488363157
UNKNOWN                 
1 89314U          23236.13897128  .00014759  00000+0  15662-1 0  9996
2 89314  18.8343 190.4307 7099318 303.2351   7.8353  2.46421713 67517
UNKNOWN                 
1 89327U          23232.87679059  .00002242  00000+0  18558-2 0  9990
2 89327  82.5568 296.7627 0008631   1.7609 358.3582 13.88457078357319
UNKNOWN                 
1 89349U          23233.08206233  .00000419  00000+0  14517-2 0  9993
2 89349  90.2550 348.3105 0029036 323.8998  36.0160 12.95758950369344
UNKNOWN                 
1 89379U          23234.80189181  .00001506  00000+0  23265-2 0  9997
2 89379 100.5226 183.6540 0058552  25.8884 334.5158 13.52450474466393
UNKNOWN                 
1 89389U          23230.63363076  .00036465  00000+0  34329-2 0  9997
2 89389  74.0459 306.9799 0050981 208.9961 150.8389 14.92687610417751
UNKNOWN                 
1 89391U          23234.83587975  .00027088  00000+0  14137-2 0  9998
2 89391  97.4914   7.7388 0125456 359.6188   0.4924 15.09241172301120
UNKNOWN                 
1 89395U          23233.03086885  .00000343  00000+0  43402-2 0  9999
2 89395 102.2921 240.6008 0225936 123.9677 257.8648 12.01257603423304
UNKNOWN                 
1 89403U          23236.30104694  .00000884  00000+0  30234-2 0  9990
2 89403  90.2556 346.7882 0025504 279.8793 107.0813 12.97327830368663
UNKNOWN                 
1 89453U          23219.88702093  .01647519  16091-2  34000-2 0  9994
2 89453  97.2976  19.1539 0007529 252.1606 107.8851 15.99586731379502
UNKNOWN                 
1 89460U          23236.37447282  .00001357  00000+0  26820-2 0  9995
2 89460 100.2617  24.0253 0057096 142.0478 218.4692 13.36781458320693
UNKNOWN                 
1 89483U          23232.14330623  .00039397  00000+0  31798-2 0  9996
2 89483  99.4600 350.4804 0206908 120.0254 242.1661 14.84441546372987
UNKNOWN                 
1 89484U          23236.37210754 -.00001873  00000+0 -74483-2 0  9996
2 89484  84.7322   9.7251 2715983   9.7228 354.6866  8.90603227279865
UNKNOWN                 
1 89490U          23236.34135207  .00007710  00000+0  30403-2 0  9997
2 89490  98.4114 189.0464 0109667 185.8875 174.1024 14.26100774360350
UNKNOWN                 
1 89492U          23234.13600288  .00002961  00000+0  21173-2 0  9997
2 89492  82.5301  24.4391 0027724 237.9000 121.9475 13.96728685449505
UNKNOWN                 
1 89493U          23229.92382009  .00002456  00000+0  13964-2 0  9995
2 89493  99.0891 278.6487 0088647 267.1529  91.9492 14.08878653344250
UNKNOWN                 
1 89494U          23232.57592723  .00002284  00000+0  13000-2 0  9997
2 89494  99.0885 281.2917 0089404 259.6798  99.4283 14.08860297344489
