HST                     
1 20580U 90037B   23237.17461168  .00004489  00000+0  23185-3 0  9991
2 20580  28.4681 168.7815 0002502  47.1755  55.7394 15.13832761632180
POLAR                   
1 23802U 96013A   23236.61742447  .00000334  00000+0  00000+0 0  9993
2 23802  78.9353 237.4577 5775989 243.9838  46.8242  1.29847403131496
SWAS                    
1 25560U 98071A   23236.82783263  .00003740  00000+0  32904-3 0  9992
2 25560  69.9010 332.3925 0006704   2.1861 357.9325 14.97373309342837
CXO                     
1 25867U 99040B   23239.35534915  .00000981  00000+0  00000+0 0  9990
2 25867  37.3156 187.7541 9046490 269.8916   0.7443  0.37813281 24604
XMM-NEWTON              
1 25989U 99066A   23236.28452748  .00000217  00000+0  00000+0 0  9997
2 25989  68.8623 297.3875 5467842  81.4508   0.0908  0.50135900 17852
TERRA                   
1 25994U 99068A   23237.44702872  .00000538  00000+0  12333-3 0  9992
2 25994  98.0896 304.1063 0001752 166.6212 250.2787 14.59283772259888
CLUSTER II-FM7 (SAMBA)  
1 26410U 00041A   23235.81873931  .00000295  00000+0  00000+0 0  9997
2 26410 136.6591 352.9009 6695349 207.1211 359.6001  0.44230798 15726
CLUSTER II-FM6 (SALSA)  
1 26411U 00041B   23238.06761695  .00001246  00000+0  00000+0 0  9998
2 26411 142.1954   3.1045 8377091 217.0395 359.7108  0.44226759 15803
CLUSTER II-FM5 (RUMBA)  
1 26463U 00045A   23238.08344718  .00001127  00000+0  00000+0 0  9992
2 26463 145.1476   2.5849 7874087 217.3299 359.7792  0.44225193 15674
CLUSTER II-FM8 (TANGO)  
1 26464U 00045B   23235.81999657  .00000294  00000+0  00000+0 0  9993
2 26464 136.6439 352.8896 6694207 207.1051 359.7921  0.44218973 15748
ODIN                    
1 26702U 01007A   23236.79435288  .00007064  00000+0  37421-3 0  9993
2 26702  97.5022 249.5810 0007559 225.8320 134.2292 15.15689493231764
TIMED                   
1 26998U 01055B   23237.20846708  .00001639  00000+0  17392-3 0  9990
2 26998  74.0719 134.7490 0002601 253.0914 106.9983 14.89980924177718
INTEGRAL                
1 27540U 02048A   23236.33175722 -.00000200  00000+0  00000+0 0  9999
2 27540  85.1705  35.3557 8745627 289.9306  45.3105  0.37574109 22772
CORIOLIS                
1 27640U 03001A   23236.95892631  .00000171  00000+0  10210-3 0  9997
2 27640  98.7160 243.9506 0013067 292.4383  67.5408 14.19294482 68478
SORCE                   
1 27651U 03004A   23236.31089509  .00002754  00000+0  27653-3 0  9992
2 27651  39.9952 316.6259 0020788 283.3416  76.5057 14.92436618117692
MOST                    
1 27843U 03031D   23236.46954573  .00000111  00000+0  71775-4 0  9993
2 27843  98.7082 242.7422 0009632 345.6307  14.4595 14.20823647 44745
SCISAT 1                
1 27858U 03036A   23236.46718761  .00000905  00000+0  12924-3 0  9992
2 27858  73.9322  48.6867 0007911 338.7587  21.3258 14.78352169 79403
SWIFT                   
1 28485U 04047A   23236.90007899  .00008747  00000+0  46862-3 0  9994
2 28485  20.5556 136.8629 0009603  54.3061 305.8267 15.11872763 29029
CLOUDSAT                
1 29107U 06016A   23236.92424021  .00000540  00000+0  11195-3 0  9990
2 29107  98.3803 207.8987 0004003  48.0079 312.1464 14.64276265922432
CALIPSO                 
1 29108U 06016B   23236.92269022  .00001627  00000+0  31749-3 0  9993
2 29108  98.3809 207.3925 0001479  85.1555 274.9816 14.64346896922424
HINODE (SOLAR-B)        
1 29479U 06041A   23237.03327120  .00000926  00000+0  17904-3 0  9997
2 29479  98.1053 251.4730 0016872 301.7047  58.2511 14.65624442904257
SJ-6C                   
1 29505U 06046A   23237.41928334  .00004403  00000+0  36371-3 0  9991
2 29505  97.7490 260.6987 0007815 103.3232 256.8863 14.99462198917639
SJ-6D                   
1 29506U 06046B   23237.49670812  .00002017  00000+0  18684-3 0  9991
2 29506  97.7690 260.1167 0001924 156.1753 203.9558 14.95608766916964
AGILE                   
1 31135U 07013A   23237.07184129  .00048114  00000+0  57394-3 0  9991
2 31135   2.4690  12.6071 0006063 164.4507 195.5734 15.58716095911557
FGRST (GLAST)           
1 33053U 08029A   23236.90116677  .00003440  00000+0  16575-3 0  9993
2 33053  25.5824  87.1303 0011327 168.1775 191.9028 15.14446499839640
WISE                    
1 36119U 09071A   23236.67764559  .00015648  00000+0  34130-3 0  9999
2 36119  97.1906 268.7307 0003014 138.1465 222.0014 15.44312779762080
SDO                     
1 36395U 10005A   23237.17340979 -.00000083  00000+0  00000+0 0  9999
2 36395  32.5094 102.2700 0001376 217.5623 333.7331  1.00275823 49730
CRYOSAT 2               
1 36508U 10013A   23236.89761997  .00000361  00000+0  88976-4 0  9990
2 36508  92.0237  28.9647 0003123 174.0918 186.0326 14.51908474709029
X-SAT                   
1 37389U 11015C   23237.45838859  .00000110  00000+0  64942-4 0  9995
2 37389  98.3014 252.7576 0015339 116.4484 243.8272 14.24557284641999
GCOM-W1 (SHIZUKU)       
1 38337U 12025A   23236.87202910  .00000778  00000+0  18279-3 0  9990
2 38337  98.2032 176.1234 0001503  75.3116 337.6122 14.57096371599433
NUSTAR                  
1 38358U 12031A   23236.84998653  .00005288  00000+0  43107-3 0  9992
2 38358   6.0270  83.7264 0009829 132.1561 227.9404 14.92522024609735
NEOSSAT                 
1 39089U 13009D   23237.43525431  .00000205  00000+0  87122-4 0  9996
2 39089  98.4096  67.5927 0012369  68.4387 291.8116 14.34915820549452
BRITE-AUSTRIA           
1 39091U 13009F   23236.51867884  .00000240  00000+0  98254-4 0  9995
2 39091  98.3910  67.2401 0011568  70.0196 290.2235 14.35531056549552
IRIS                    
1 39197U 13033A   23236.53796265  .00001329  00000+0  17917-3 0  9990
2 39197  97.9707  63.9575 0028119  68.0021 292.4174 14.80559690548028
HISAKI (SPRINT-A)       
1 39253U 13049A   23236.80473261  .00000064  00000+0 -44107-6 0  9998
2 39253  29.7211  42.4570 0137357 328.8574  30.3917 13.55339989491935
CASSIOPE                
1 39265U 13055A   23237.07344030  .00022129  00000+0  52396-3 0  9990
2 39265  80.9602 162.4983 0562854  99.2748 267.2523 14.53800402514963
STSAT-3                 
1 39422U 13066G   23237.44924121  .00002512  00000+0  24875-3 0  9998
2 39422  97.4903 225.2361 0019789 273.2976  86.5980 14.92562177530520
SWARM B                 
1 39451U 13067A   23236.88407123  .00003512  00000+0  14576-3 0  9994
2 39451  87.7459 291.4089 0003219  96.9287 263.2326 15.23523474526848
SWARM A                 
1 39452U 13067B   23237.40089124  .00004798  00000+0  17590-3 0  9997
2 39452  87.3408  69.4119 0003163  96.4042 263.7567 15.27732882548438
SWARM C                 
1 39453U 13067C   23237.46629771  .00004840  00000+0  17746-3 0  9993
2 39453  87.3373  67.9877 0003136  96.7785 263.3820 15.27733378548407
BRITE-CA1 (TORONTO)     
1 40020U 14033L   23237.40448827  .00000875  00000+0  15279-3 0  9997
2 40020  97.8353  21.0415 0084185 320.0752  39.4282 14.68159693491410
OCO 2                   
1 40059U 14035A   23237.13337048  .00000686  00000+0  16229-3 0  9999
2 40059  98.2030 177.1197 0001513  81.9593 278.1777 14.57087206486490
BRITE-PL2 (HEWELIUSZ)   
1 40119U 14049B   23237.22818501  .00001963  00000+0  22566-3 0  9999
2 40119  97.8826 333.7938 0015240 260.0689  99.8807 14.86882910488510
RESURS P2               
1 40360U 14087A   23237.38589486  .00013033  00000+0  27394-3 0  9998
2 40360  97.1781 320.0687 0006412 325.1942  34.8887 15.45430476485041
MMS 1                   
1 40482U 15011A   23237.58334491 -.00002445  00000+0  00000+0 0  9994
2 40482  30.8115  50.4542 9188603 110.0219   9.4532  0.28618022 14532
MMS 2                   
1 40483U 15011B   23237.58334491 -.00002446  00000+0  00000+0 0  9996
2 40483  30.8092  50.4651 9189709 110.0085   9.4850  0.28615683 14518
MMS 3                   
1 40484U 15011C   23237.58334491 -.00002445  00000+0  00000+0 0  9996
2 40484  30.8004  50.4544 9189106 110.0217   9.4678  0.28615723 14514
MMS 4                   
1 40485U 15011D   23237.58334491 -.00002446  00000+0  00000+0 0  9998
2 40485  30.8075  50.4596 9190004 110.0264   9.4520  0.28615749 14515
ASTROSAT                
1 40930U 15052A   23237.21864648  .00002020  00000+0  18725-3 0  9994
2 40930   5.9978 322.5684 0008460 183.1998 176.8076 14.77760613427441
DAMPE                   
1 41173U 15078A   23237.43523765  .00001554  00000+0  63541-4 0  9996
2 41173  97.4097 227.8894 0014969 108.2842 252.0027 15.25778331427719
PISAT                   
1 41784U 16059B   23237.32480237  .00000976  00000+0  19011-3 0  9997
2 41784  97.8662 267.6561 0030039 234.1940 125.6472 14.64868220369180
HXMT (HUIYAN)           
1 42758U 17034A   23237.37981076  .00005626  00000+0  32811-3 0  9995
2 42758  43.0147 117.3684 0003357  88.7079 271.4152 15.12704426341848
FLYING LAPTOP           
1 42831U 17042G   23236.91018648  .00001417  00000+0  14005-3 0  9990
2 42831  97.3897  70.5132 0013480   2.8149 357.3145 14.93323185332747
PICSAT                  
1 43132U 18004X   23237.46458848  .00214899  00000+0  14144-2 0  9998
2 43132  97.3175 323.4636 0005718 225.9193 134.1602 15.75031382313386
ZHANGZHENG-1 (CSES)     
1 43194U 18015C   23237.41550105  .00011723  00000+0  53827-3 0  9995
2 43194  97.5737  13.9325 0006945 107.2279 252.9716 15.20540284308583
SALSAT                  
1 46495U 20068K   23236.39698116  .00004699  00000+0  30574-3 0  9992
2 46495  97.7735 185.1671 0013509 244.9139 115.0687 15.08403628159355
IXPE                    
1 49954U 21121A   23236.30507418  .00004794  00000+0  36071-3 0  9995
2 49954   0.2302  77.2425 0010243 190.6802  91.9600 14.94510583 93224
