STARLETTE               
1 07646U 75010A   23236.94746295 -.00000123  00000+0  13712-4 0  9992
2 07646  49.8236 199.2183 0205753 269.5971  88.1344 13.82320955452446
LAGEOS 1                
1 08820U 76039A   23236.41964252  .00000004  00000+0  00000+0 0  9994
2 08820 109.8086 187.2853 0044858 162.9093 318.2589  6.38664738847506
AJISAI (EGS)            
1 16908U 86061A   23236.94630873 -.00000111  00000+0 -95368-4 0  9990
2 16908  50.0091  66.0993 0011517  85.5964  82.0825 12.44501425352470
COSMOS 1989 (ETALON 1)  
1 19751U 89001C   23236.78081552  .00000012  00000+0  00000+0 0  9994
2 19751  64.4311 107.4726 0023986 214.7361 119.4389  2.13156237269465
COSMOS 2024 (ETALON 2)  
1 20026U 89039C   23237.11364171 -.00000064  00000+0  00000+0 0  9999
2 20026  65.4495 345.6749 0018997 217.9978 353.9577  2.13204304266596
LAGEOS 2                
1 22195U 92070B   23236.90934444 -.00000009  00000+0  00000+0 0  9998
2 22195  52.6399 195.8648 0138771  97.9392  80.6299  6.47294065728916
STELLA                  
1 22824U 93061B   23236.89280472 -.00000027  00000+0  79252-5 0  9992
2 22824  98.9242 272.8294 0006109 350.1352 136.0050 14.27408530558213
LARES                   
1 38077U 12006A   23236.53080536 -.00000031  00000+0  45472-4 0  9990
2 38077  69.4879 247.5711 0011386 287.0431  72.9348 12.54931487528137
