HST                     
1 20580U 90037B   23235.26528289  .00004140  00000+0  21313-3 0  9992
2 20580  28.4680 181.4978 0002411  28.7266  88.0828 15.13816009631897
POLAR                   
1 23802U 96013A   23234.30696794  .00000319  00000+0  00000+0 0  9993
2 23802  78.9339 237.4797 5775546 244.0631  46.7487  1.29847401131461
SWAS                    
1 25560U 98071A   23236.76103041  .00003605  00000+0  31749-3 0  9991
2 25560  69.9010 332.5617 0006694   2.2339 357.8848 14.97372374343084
CXO                     
1 25867U 99040B   23236.71223183  .00000930  00000+0  00000+0 0  9993
2 25867  37.3169 188.0447 9046831 269.6617   0.8056  0.37814564 24596
XMM-NEWTON              
1 25989U 99066A   23236.28452748  .00000217  00000+0  00000+0 0  9997
2 25989  68.8623 297.3875 5467842  81.4508   0.0908  0.50135900 32219
TERRA                   
1 25994U 99068A   23236.77801484  .00000564  00000+0  12885-3 0  9997
2 25994  98.0897 303.4542 0001703 168.1718 336.2068 14.59283113259782
CLUSTER II-FM7 (SAMBA)  
1 26410U 00041A   23235.81873931  .00000295  00000+0  00000+0 0  9997
2 26410 136.6591 352.9009 6695349 207.1211 359.6001  0.44230798 27482
CLUSTER II-FM6 (SALSA)  
1 26411U 00041B   23238.06700646  .00001246  00000+0  00000+0 0  9997
2 26411 142.1954   3.1045 8377083 217.0396 359.6134  0.44227160 26802
CLUSTER II-FM5 (RUMBA)  
1 26463U 00045A   23238.08279452  .00001127  00000+0  00000+0 0  9994
2 26463 145.1476   2.5848 7874088 217.3298 359.6748  0.44225007 28075
CLUSTER II-FM8 (TANGO)  
1 26464U 00045B   23235.81935295  .00000294  00000+0  00000+0 0  9991
2 26464 136.6445 352.8909 6694119 207.1063 359.6896  0.44218926 63409
ODIN                    
1 26702U 01007A   23235.07785724  .00006140  00000+0  32598-3 0  9990
2 26702  97.5018 247.8851 0007367 232.6379 127.4183 15.15666869232117
TIMED                   
1 26998U 01055B   23235.19416119  .00001771  00000+0  18756-3 0  9997
2 26998  74.0720 138.7700 0002627 255.5296 104.5594 14.89974179177410
INTEGRAL                
1 27540U 02048A   23234.24725424 -.00000135  00000+0  00000+0 0  9994
2 27540  85.1370  35.4560 8743763 289.9845 123.2004  0.37573388 22752
CORIOLIS                
1 27640U 03001A   23236.46544599  .00000170  00000+0  10160-3 0  9993
2 27640  98.7160 243.4650 0013074 293.9885  65.9922 14.19294253 68361
SORCE                   
1 27651U 03004A   23235.30714596  .00002875  00000+0  28807-3 0  9997
2 27651  39.9953 322.2524 0020788 276.7189  83.1236 14.92430827117569
MOST                    
1 27843U 03031D   23236.46954573  .00000111  00000+0  71775-4 0  9993
2 27843  98.7082 242.7422 0009632 345.6307  14.4595 14.20823647 44745
SCISAT 1                
1 27858U 03036A   23236.46718761  .00000905  00000+0  12924-3 0  9992
2 27858  73.9322  48.6867 0007911 338.7587  21.3258 14.78352169 79414
SWIFT                   
1 28485U 04047A   23235.05238766  .00008296  00000+0  44346-3 0  9992
2 28485  20.5554 149.9428 0009503  32.0987 328.0026 15.11843307 28894
CLOUDSAT                
1 29107U 06016A   23236.78757307  .00000544  00000+0  11263-3 0  9990
2 29107  98.3803 207.7596 0004009  48.3049 311.8495 14.64276080922573
CALIPSO                 
1 29108U 06016B   23236.78602974  .00001618  00000+0  31583-3 0  9990
2 29108  98.3809 207.2534 0001478  85.2463 274.8908 14.64346315922424
HINODE (SOLAR-B)        
1 29479U 06041A   23235.53130692  .00000897  00000+0  17380-3 0  9991
2 29479  98.1054 249.9912 0016940 306.8088  53.1561 14.65621352904031
SJ-6C                   
1 29505U 06046A   23236.75196106  .00005131  00000+0  42299-3 0  9996
2 29505  97.7487 260.0348 0007786 105.2014 255.0070 14.99456697917533
SJ-6D                   
1 29506U 06046B   23236.82766915  .00002376  00000+0  21917-3 0  9998
2 29506  97.7690 259.4533 0001892 156.7861 203.3446 14.95606275916864
AGILE                   
1 31135U 07013A   23234.25692947  .00044558  00000+0  53540-3 0  9997
2 31135   2.4687  35.5033 0006090 116.7273 243.3405 15.58469215911113
FGRST (GLAST)           
1 33053U 08029A   23234.99035338  .00003454  00000+0  16650-3 0  9993
2 33053  25.5823 100.2056 0011566 146.5765 213.5502 15.14434540839355
WISE                    
1 36119U 09071A   23236.67764559  .00015648  00000+0  34130-3 0  9999
2 36119  97.1906 268.7307 0003014 138.1465 222.0014 15.44312779762103
SDO                     
1 36395U 10005A   23235.13888874 -.00000074  00000+0  00000+0 0  9994
2 36395  32.5053 102.3024 0001280 220.3431 316.4654  1.00276166 49713
CRYOSAT 2               
1 36508U 10013A   23236.82870019  .00000364  00000+0  89556-4 0  9997
2 36508  92.0237  28.9481 0003115 174.2866 185.8377 14.51908430709058
X-SAT                   
1 37389U 11015C   23236.75601338  .00000120  00000+0  69301-4 0  9992
2 37389  98.3014 252.0934 0015322 118.3485 241.9243 14.24557085641899
GCOM-W1 (SHIZUKU)       
1 38337U 12025A   23235.37227196  .00000793  00000+0  18621-3 0  9995
2 38337  98.2031 174.6462 0001532  75.8493  34.6888 14.57093957599208
NUSTAR                  
1 38358U 12031A   23235.17947004  .00004944  00000+0  39877-3 0  9998
2 38358   6.0267  95.9418 0009642 105.5994 254.5200 14.92506840609484
NEOSSAT                 
1 39089U 13009D   23234.50656519  .00000204  00000+0  86651-4 0  9998
2 39089  98.4097  64.7403 0012424  76.3672 283.8896 14.34914435549039
BRITE-AUSTRIA           
1 39091U 13009F   23236.51867884  .00000240  00000+0  98254-4 0  9995
2 39091  98.3910  67.2401 0011568  70.0196 290.2235 14.35531056549563
IRIS                    
1 39197U 13033A   23236.53796265  .00001329  00000+0  17917-3 0  9990
2 39197  97.9707  63.9575 0028119  68.0021 292.4174 14.80559690548040
HISAKI (SPRINT-A)       
1 39253U 13049A   23236.51008184  .00000070  00000+0  85037-5 0  9996
2 39253  29.7210  43.9544 0137364 326.4712  32.7228 13.55340020492937
CASSIOPE                
1 39265U 13055A   23234.45796241  .00020108  00000+0  47654-3 0  9990
2 39265  80.9605 165.3361 0563226 107.1899 259.1735 14.53699872514588
STSAT-3                 
1 39422U 13066G   23236.77883445  .00002551  00000+0  25248-3 0  9994
2 39422  97.4902 224.5981 0019824 275.7304  84.1655 14.92558941530427
SWARM B                 
1 39451U 13067A   23235.11062698  .00003732  00000+0  15505-3 0  9990
2 39451  87.7459 291.9432 0003202  98.1033 262.0576 15.23511292541183
SWARM A                 
1 39452U 13067B   23235.04280491  .00004427  00000+0  16231-3 0  9995
2 39452  87.3497  70.2545 0003075  98.1482 262.0116 15.27708633548077
SWARM C                 
1 39453U 13067C   23235.04270918  .00004627  00000+0  16969-3 0  9999
2 39453  87.3374  68.8553 0003070  98.1741 261.9856 15.27711038548035
BRITE-CA1 (TORONTO)     
1 40020U 14033L   23236.65480414  .00000905  00000+0  15762-3 0  9992
2 40020  97.8352  20.3235 0084229 322.4909  37.0438 14.68158404491304
OCO 2                   
1 40059U 14035A   23234.72989309  .00000729  00000+0  17200-3 0  9992
2 40059  98.2027 174.7525 0001515  82.6745 277.4625 14.57083871486143
BRITE-PL2 (HEWELIUSZ)   
1 40119U 14049B   23235.20929846  .00002165  00000+0  24822-3 0  9992
2 40119  97.8823 331.7909 0015179 267.0894  92.8585 14.86874733488216
RESURS P2               
1 40360U 14087A   23236.73839777  .00012086  00000+0  25434-3 0  9997
2 40360  97.1779 319.4284 0006457 328.0368  32.0489 15.45413010484947
MMS 1                   
1 40482U 15011A   23236.91667824 -.00002361  00000+0  00000+0 0  9996
2 40482  30.7876  50.6572 9187250 109.8033 300.8940  0.28579176 14523
MMS 2                   
1 40483U 15011B   23236.91667824 -.00002362  00000+0  00000+0 0  9998
2 40483  30.7831  50.6703 9188575 109.7897 300.9210  0.28581420 14503
MMS 3                   
1 40484U 15011C   23236.91667824 -.00002362  00000+0  00000+0 0  9999
2 40484  30.7744  50.6593 9187976 109.8031 300.9038  0.28581412 14519
MMS 4                   
1 40485U 15011D   23236.91667824 -.00002362  00000+0  00000+0 0  9990
2 40485  30.7814  50.6649 9188876 109.8074 300.8880  0.28581430 14500
ASTROSAT                
1 40930U 15052A   23234.24907535  .00002065  00000+0  19350-3 0  9991
2 40930   5.9981 343.7817 0008097 140.1390 219.9333 14.77752392427005
DAMPE                   
1 41173U 15078A   23236.77941265  .00001603  00000+0  65469-4 0  9997
2 41173  97.4096 227.2395 0014948 110.3357 249.9489 15.25776304427614
PISAT                   
1 41784U 16059B   23235.07067703  .00001016  00000+0  19764-3 0  9997
2 41784  97.8663 265.5000 0029912 241.6544 118.1642 14.64863689368850
HXMT (HUIYAN)           
1 42758U 17034A   23236.78553687  .00005530  00000+0  32279-3 0  9994
2 42758  43.0146 120.6481 0003361  83.0050 277.1179 15.12697599341755
FLYING LAPTOP           
1 42831U 17042G   23236.77617381  .00001413  00000+0  13960-3 0  9998
2 42831  97.3897  70.3873 0013489   3.2575 356.8731 14.93322634332725
PICSAT                  
1 43132U 18004X   23234.47734901  .00209252  00000+0  14522-2 0  9990
2 43132  97.3185 320.3188 0005802 229.3157 130.7604 15.73810806312913
ZHANGZHENG-1 (CSES)     
1 43194U 18015C   23236.75741735  .00011295  00000+0  51901-3 0  9997
2 43194  97.5740  13.2714 0006956 108.9114 251.2875 15.20525668308486
SALSAT                  
1 46495U 20068K   23235.07023848  .00005303  00000+0  34458-3 0  9998
2 46495  97.7734 183.8242 0013536 250.0963 109.8806 15.08390725159151
IXPE                    
1 49954U 21121A   23235.30277073  .00004796  00000+0  36091-3 0  9999
2 49954   0.2302  84.6554 0010256 175.1767 100.0523 14.94502317 93054
