STARLETTE               
1 07646U 75010A   21026.46840488 -.00000133  00000-0  96063-5 0  9996
2 07646  49.8244 311.2507 0205801  42.8249 318.8471 13.82308525322354
LAGEOS 1                
1 08820U 76039A   21026.68040198  .00000032  00000-0  00000+0 0  9994
2 08820 109.8152 225.3799 0044947   2.6510  36.7695  6.38664673787901
AJISAI (EGS)            
1 16908U 86061A   21026.60241818 -.00000102  00000-0 -31702-4 0  9998
2 16908  50.0105  77.5359 0011391 211.7569 246.0654 12.44493118235485
COSMOS 1989 (ETALON 1)  
1 19751U 89001C   21026.60903632 -.00000001  00000-0  00000-0 0  9993
2 19751  64.2111 139.8090 0023020 211.4576 110.4172  2.13156258249423
COSMOS 2024 (ETALON 2)  
1 20026U 89039C   21026.54770073 -.00000031  00000-0  00000-0 0  9998
2 20026  65.5301  17.5616 0018336 220.4691 239.6640  2.13204339246552
LAGEOS 2                
1 22195U 92070B   21026.83014453 -.00000009  00000-0  00000+0 0  9995
2 22195  52.6634  69.9790 0137419  47.1677  53.7063  6.47293738668254
STELLA                  
1 22824U 93061B   21026.59816508 -.00000031  00000-0  63813-5 0  9991
2 22824  98.9746  29.1461 0006462 172.7987 265.8897 14.27383131424070
LARES                   
1 38077U 12006A   21026.36240513 -.00000081  00000-0 -26062-3 0  9999
2 38077  69.4932  53.4660 0006548 106.3410 253.8337 12.54930369410280
