SAUDISAT 1C             
1 27607U 02058C   21021.51807552 -.00000017  00000-0  17835-4 0  9993
2 27607  64.5557  67.6414 0029367  86.3610 274.0850 14.75704038973032
SAUDISAT 2              
1 28371U 04025F   21021.80037558  .00000058  00000-0  24568-4 0  9996
2 28371  98.3083 334.8069 0024728 238.8337 121.0448 14.54410710878914
SAUDISAT 3              
1 31118U 07012B   21021.84722439  .00000020  00000-0  11464-4 0  9991
2 31118  97.9019 338.4588 0015865  30.9252 329.2885 14.69187886738032
PISAT                   
1 41784U 16059B   21021.59263324  .00000075  00000-0  23493-4 0  9992
2 41784  97.9901  77.8113 0031524 348.1561  11.8896 14.63580214230812
FLYING LAPTOP           
1 42831U 17042G   21021.54816876  .00000713  00000-0  76919-4 0  9990
2 42831  97.4911 258.8696 0012466 278.5886  81.3939 14.91228917191792
SALSAT                  
1 46495U 20068K   21021.56816465  .00001017  00000-0  79302-4 0  9995
2 46495  97.6809 320.0605 0016527 207.1074 152.9289 15.03328419 17265
