PROBA-1                 
1 26958U 01049B   23236.72452241  .00003907  00000+0  31499-3 0  9994
2 26958  97.8789 203.7359 0066971 339.3543  20.4975 14.98757859189309
BIRD 2                  
1 26959U 01049C   23235.33675362  .00145457  00000+0  65948-3 0  9995
2 26959  97.7748   9.9978 0004866 232.9420 127.1403 15.83510404214122
CUTE-1 (CO-55)          
1 27844U 03031E   23235.47814230  .00000395  00000+0  19528-3 0  9990
2 27844  98.6794 241.7542 0008606 293.9770  66.0506 14.22851820 45333
CUBESAT XI-IV (CO-57)   
1 27848U 03031J   23236.49745138  .00000342  00000+0  17345-3 0  9994
2 27848  98.6831 243.1480 0008685 307.9095  52.1297 14.22353708 45266
GENESIS 1               
1 29252U 06029A   23236.55357967  .00008714  00000+0  32257-3 0  9991
2 29252  64.5194  82.0394 0017009 208.7456 151.2736 15.28129233945038
GENESIS 2               
1 31789U 07028A   23235.06781764  .00008593  00000+0  31933-3 0  9995
2 31789  64.4936 131.3918 0054473 252.0876 107.4307 15.26762911891674
APRIZESAT 4             
1 35684U 09041D   23234.16627680  .00001106  00000+0  14935-3 0  9992
2 35684  98.2804 267.0872 0047033  50.0711 310.4618 14.80513489758828
APRIZESAT 3             
1 35686U 09041F   23235.25039731  .00002033  00000+0  21072-3 0  9999
2 35686  98.1016 336.6153 0069342 212.7548 146.9361 14.89455146762894
PROBA-2                 
1 36037U 09059B   23235.08529943  .00000304  00000+0  83301-4 0  9992
2 36037  98.2282  58.7201 0012626 213.2563 146.7841 14.53586040732047
APRIZESAT 5             
1 37792U 11044E   23234.27070773  .00001231  00000+0  17908-3 0  9999
2 37792  98.2674 126.1474 0058064  69.9035 290.8410 14.76708309646696
APRIZESAT 6             
1 37793U 11044F   23235.12174450  .00000847  00000+0  13637-3 0  9999
2 37793  98.3440 105.6531 0047035 126.1705  26.3787 14.73558174645565
PROBA-V                 
1 39159U 13021A   23236.47700763  .00000108  00000+0  66013-4 0  9992
2 39159  98.3189 254.4951 0002945 261.2467  98.8378 14.23143223534915
APRIZESAT 7             
1 39416U 13066A   23235.12134778  .00002086  00000+0  24231-3 0  9997
2 39416  97.6252 200.4645 0040165  17.8003 342.4609 14.85839709528133
APRIZESAT 8             
1 39425U 13066K   23236.47425558  .00001614  00000+0  20127-3 0  9991
2 39425  97.6838 194.2741 0051812  62.9123 297.7363 14.82810895527371
BUGSAT-1 (TITA)         
1 40014U 14033E   23236.74394814  .00005061  00000+0  40595-3 0  9993
2 40014  98.1346 258.7743 0035634  45.4759 314.9365 15.00087855501009
SAUDISAT 4              
1 40016U 14033G   23235.03708996  .00001013  00000+0  15042-3 0  9998
2 40016  97.6453  51.2899 0047492 178.8963 181.2361 14.76301992494077
APRIZESAT 9             
1 40018U 14033J   23236.68701666  .00000860  00000+0  14310-3 0  9995
2 40018  97.7625  30.3483 0068683 262.3414  96.9990 14.71043262492451
APRIZESAT 10            
1 40019U 14033K   23235.40765652  .00000590  00000+0  10634-3 0  9995
2 40019  97.8251  19.9360 0081888 318.8319  40.6727 14.68028527491331
TDS 1                   
1 40076U 14037H   23235.34219778  .00005010  00000+0  53539-3 0  9991
2 40076  98.3356 136.0106 0007973 107.6131 252.5956 14.89247195493971
TIANTUO 2               
1 40144U 14053B   23236.76336719  .00012899  00000+0  25763-3 0  9998
2 40144  97.1561 314.3316 0010023  70.8880 289.3454 15.46894776501842
TECHNOSAT               
1 42829U 17042E   23236.78197392  .00001972  00000+0  18972-3 0  9999
2 42829  97.3879  70.1326 0013354   1.9886 358.1386 14.93994993332739
FLYING LAPTOP           
1 42831U 17042G   23236.77617381  .00001413  00000+0  13960-3 0  9998
2 42831  97.3897  70.3873 0013489   3.2575 356.8731 14.93322634332725
HAWK-A                  
1 43765U 18099H   23236.78477222  .00003952  00000+0  32307-3 0  9993
2 43765  97.5652 298.1221 0010419 239.5673 120.4521 14.99883907258026
HAWK-B                  
1 43794U 18099AN  23235.11729277  .00003929  00000+0  32135-3 0  9994
2 43794  97.5648 296.5003 0010398 247.0432 112.9695 14.99871303257761
HAWK-C                  
1 43799U 18099AT  23235.25056706  .00003874  00000+0  31689-3 0  9996
2 43799  97.5647 296.5276 0010332 245.8341 114.1803 14.99872423257781
SALSAT                  
1 46495U 20068K   23235.07023848  .00005303  00000+0  34458-3 0  9998
2 46495  97.7734 183.8242 0013536 250.0963 109.8806 15.08390725159151
HAWK-2C                 
1 47502U 21006CT  23235.15583315  .00010175  00000+0  49273-3 0  9994
2 47502  97.3801 287.5367 0008137 221.3090 138.7529 15.18717557142595
HAWK-2A                 
1 47505U 21006CW  23235.09020477  .00010142  00000+0  49123-3 0  9993
2 47505  97.3805 287.5812 0008093 221.4666 138.5955 15.18714930142580
HAWK-2B                 
1 47508U 21006CZ  23234.76097321  .00010629  00000+0  51469-3 0  9997
2 47508  97.3800 287.1500 0008296 224.1501 135.9072 15.18707778142539
HAWK-3B                 
1 48931U 21059BE  23234.94488724  .00007711  00000+0  34463-3 0  9990
2 48931  97.5929   9.3897 0014883  52.6116 307.6472 15.21520667119431
HAWK-3C                 
1 48948U 21059BX  23235.33923814  .00008144  00000+0  36350-3 0  9994
2 48948  97.6192  12.3141 0015829  54.3382 305.9324 15.21532207119499
HAWK-3A                 
1 48957U 21059CG  23234.94446918  .00007716  00000+0  34469-3 0  9998
2 48957  97.6061  10.6576 0015848  50.0689 310.1936 15.21523913119436
HAWK-4B                 
1 52165U 22033J   23235.15731143  .00010743  00000+0  37978-3 0  9990
2 52165  97.3531 314.8778 0007656 299.4085  60.6390 15.29334031 77478
HAWK-4A                 
1 52167U 22033L   23235.15703705  .00010351  00000+0  36598-3 0  9997
2 52167  97.3482 314.5775 0007068 299.2912  60.7622 15.29340091 77475
HAWK-4C                 
1 52170U 22033P   23235.02602471  .00011305  00000+0  39934-3 0  9992
2 52170  97.3529 314.7339 0008821 283.7469  76.2789 15.29336292 77454
HAWK-5C                 
1 52754U 22057Y   23235.12608297  .00006633  00000+0  33335-3 0  9996
2 52754  97.5601 351.1485 0010262 109.2334 251.0010 15.17554866 68778
HAWK-5B                 
1 52756U 22057AA  23235.32374887  .00006921  00000+0  34753-3 0  9990
2 52756  97.5443 350.3823 0010936 104.2107 256.0342 15.17562369 68806
HAWK-5A                 
1 52757U 22057AB  23234.33446218  .00007498  00000+0  37632-3 0  9998
2 52757  97.5522 349.8750 0011217 110.5362 249.7076 15.17546672 68658
HAWK-6B                 
1 55324U 23011A   23235.22994201  .00003767  00000+0  25204-3 0  9998
2 55324  40.5177 163.0949 0006217 245.6683 114.3472 15.07845411 31717
HAWK-6C                 
1 55326U 23011C   23234.23613912  .00003929  00000+0  26246-3 0  9994
2 55326  40.4864 168.1269 0005945 232.7752 127.2510 15.07838371 31570
HAWK-6A                 
1 55327U 23011D   23235.03081087  .00003885  00000+0  25963-3 0  9992
2 55327  40.5021 163.9323 0005906 234.2714 125.7541 15.07843577 31697
HAWK-7A                 
1 56191U 23054P   23234.92489481  .00007151  00000+0  30978-3 0  9998
2 56191  97.3987 128.9675 0012745 141.7533 218.4610 15.22627779 20336
HAWK-7B                 
1 56193U 23054R   23234.13621687  .00006871  00000+0  29809-3 0  9998
2 56193  97.3854 127.9012 0012034 131.8295 228.3971 15.22598784 20211
HAWK-7C                 
1 56200U 23054Y   23236.63320867  .00006281  00000+0  27240-3 0  9992
2 56200  97.3924 130.5047 0013273 128.3492 231.8939 15.22629091 20592
