SAUDISAT 1C             
1 27607U 02058C   21055.46964223  .00000076  00000-0  31349-4 0  9993
2 27607  64.5568 323.8300 0030398  68.6083 291.8259 14.75714938977885
SAUDISAT 2              
1 28371U 04025F   21055.57967395  .00000037  00000-0  19415-4 0  9990
2 28371  98.3124   8.3700 0026111 133.2457 227.0953 14.54414751883827
SAUDISAT 3              
1 31118U 07012B   21055.28711775  .00000000  00000-0  80368-5 0  9995
2 31118  97.9069  10.8129 0013776 280.8065  79.1591 14.69191985742895
PISAT                   
1 41784U 16059B   21055.43390914  .00000133  00000-0  34450-4 0  9998
2 41784  97.9841 110.6045 0030852 237.5927 122.2290 14.63590026235761
FLYING LAPTOP           
1 42831U 17042G   21055.56801915 -.00000096  00000-0 -43374-5 0  9993
2 42831  97.4882 291.1763 0014444 158.0928 202.0892 14.91242560196864
SALSAT                  
1 46495U 20068K   21055.58046596  .00000366  00000-0  31397-4 0  9992
2 46495  97.6835 353.8152 0017978  90.7743 269.5545 15.03341221 22379
