MTI                     
1 26102U 00014A   21055.47479433  .00010951  00000-0  14247-3 0  9997
2 26102  97.4748 316.1892 0008087  29.0530 331.1307 15.58921170163731
CFESAT                  
1 30777U 07006F   21055.55155393  .00006305  00000-0  16189-3 0  9998
2 30777  35.4247 142.3777 0004969 312.8317  47.1992 15.38676274775285
SPIRALE A               
1 33751U 09008C   21055.39858630  .00000074  00000-0  38586-3 0  9995
2 33751   2.0625 340.8835 5378204  76.5804 335.6949  4.58776953172852
SPIRALE B               
1 33752U 09008D   21055.32809089  .00002816  00000-0  73533-3 0  9990
2 33752   2.1409  13.0017 6905219 359.5748 359.9162  2.76524414111714
SAPPHIRE                
1 39088U 13009C   21055.26387391  .00000023  00000-0  23619-4 0  9993
2 39088  98.4533 257.3231 0010263 256.9115 103.0925 14.34234421418579
