AMC-1 (GE-1)            
1 24315U 96054A   23236.92667493 -.00000052  00000+0  00000+0 0  9997
2 24315   6.6444  69.3165 0005188 160.2538  88.4727  0.99509262 36016
AMC-3 (GE-3)            
1 24936U 97050A   23237.45593064 -.00000260  00000+0  00000+0 0  9995
2 24936   5.6060  75.2482 0003034  72.9382 277.4136  1.00270921 95154
ASTRA 1G                
1 25071U 97076A   23237.09632753  .00000081  00000+0  00000+0 0  9993
2 25071   7.1120  63.8760 0010230 106.1780 256.0873  0.99034915 94236
ASTRA 2A                
1 25462U 98050A   23236.77154355  .00000072  00000+0  00000+0 0  9991
2 25462   4.4870  80.8375 0003064  62.6795 164.2177  1.00271632 36035
NSS-11 (AAP-1)          
1 26554U 00059A   23237.35890221  .00000029  00000+0  00000+0 0  9992
2 26554   0.0553 292.1282 0002883 213.8853 132.5545  1.00272159 83872
AMC-6 (GE-6)            
1 26580U 00067A   23237.48977470  .00000108  00000+0  00000+0 0  9994
2 26580   0.0577 290.3176 0002594 220.7285 219.7549  1.00268435 83698
ASTRA 2C                
1 26853U 01025A   23237.10107851 -.00000257  00000+0  00000+0 0  9995
2 26853   5.6273  75.0677 0002792  68.1337 153.8212  1.00269329 81271
NSS-7                   
1 27414U 02019A   23236.37338722 -.00000154  00000+0  00000+0 0  9990
2 27414   6.9111  67.5796 0002351 104.1516 275.0821  1.00272062 78265
NSS-6                   
1 27603U 02057A   23236.87757772 -.00000282  00000+0  00000+0 0  9999
2 27603   2.7056  86.8687 0001290 143.9703 209.2682  0.99128561 75734
AMC-11 (GE-11)          
1 28252U 04017A   23237.28174392 -.00000045  00000+0  00000+0 0  9992
2 28252   0.0443 296.0000 0002008 253.5866 134.0328  1.00268951 70408
AMC-15                  
1 28446U 04041A   23237.27941154 -.00000084  00000+0  00000+0 0  9994
2 28446   0.0636 291.2379 0002603 202.0779 195.5065  1.00271199 69053
NSS-10 (AMC-12)         
1 28526U 05003A   23237.04493992 -.00000248  00000+0  00000+0 0  9991
2 28526   3.8623  82.5920 0003131  51.1804 178.0152  1.00271772 68027
ASTRA 1KR               
1 29055U 06012A   23237.18799355  .00000124  00000+0  00000+0 0  9999
2 29055   0.0869 278.0117 0003648 260.6214 241.4360  1.00269931 63442
AMC-18                  
1 29644U 06054B   23237.46246142 -.00000212  00000+0  00000+0 0  9990
2 29644   0.0594 290.9087 0002674 231.9817 254.0572  1.00271619 61223
ASTRA 1L                
1 31306U 07016A   23236.30951264  .00000127  00000+0  00000+0 0  9991
2 31306   0.1003 295.2720 0001917 253.4040 274.2655  1.00272808 34705
ASTRA 4A (SIRIUS 4)     
1 32299U 07057A   23237.19910493  .00000036  00000+0  00000+0 0  9994
2 32299   0.0627 287.4465 0002877 234.3729 247.8628  1.00267744 57664
AMC-21                  
1 33275U 08038B   23236.61608789  .00000043  00000+0  00000+0 0  9995
2 33275   0.2820  95.8726 0003037  59.4752 274.1752  1.00270970 55189
ASTRA 1M                
1 33436U 08057A   23237.37896772  .00000124  00000+0  00000+0 0  9990
2 33436   0.0166  98.8364 0005216  46.8727 343.2744  1.00271215 54184
CIEL-2                  
1 33453U 08063A   23237.48246736  .00000062  00000+0  00000+0 0  9998
2 33453   0.1047  99.1487 0002903  50.3002 228.8735  1.00271320 53834
NSS-9                   
1 33749U 09008A   23237.13467409  .00000077  00000+0  00000+0 0  9996
2 33749   0.0435 298.0553 0002267 205.4938  61.1304  1.00271658 53261
SES-7 (PROTOSTAR 2)     
1 34941U 09027A   23236.85535484 -.00000339  00000+0  00000+0 0  9991
2 34941   0.0371  82.6245 0000666 183.1262 123.2684  1.00268514 52316
NSS-12                  
1 36032U 09058A   23237.10188468  .00000076  00000+0  00000+0 0  9990
2 36032   0.0047 272.5723 0002811 243.6292 270.5857  1.00272772 50619
SES-1                   
1 36516U 10016A   23237.11021691 -.00000110  00000+0  00000+0 0  9998
2 36516   0.0604 290.1354 0002344 222.5345 119.1259  1.00272270 48835
ASTRA 3B                
1 36581U 10021A   23236.52534253  .00000144  00000+0  00000+0 0  9999
2 36581   0.0561  41.4517 0003737  99.1331  44.5516  1.00273237 48579
SES-3                   
1 37748U 11035A   23237.22630785 -.00000097  00000+0  00000+0 0  9994
2 37748   0.0608 294.2667 0002794 220.4523 156.9815  1.00271364 44390
ASTRA 1N                
1 37775U 11041A   23237.18799355  .00000124  00000+0  00000+0 0  9995
2 37775   0.0536  19.0499 0003265  85.5159 315.4820  1.00271905 44103
SES-2                   
1 37809U 11049A   23237.46028868 -.00000192  00000+0  00000+0 0  9992
2 37809   0.0577 290.7878 0002609 217.7844 263.5984  1.00272207 43701
QUETZSAT 1              
1 37826U 11054A   23237.45317771 -.00000238  00000+0  00000+0 0  9991
2 37826   0.0445 292.3761 0002409 207.2695 279.9613  1.00271819 43808
SES-4                   
1 38087U 12007A   23237.40118744 -.00000164  00000+0  00000+0 0  9992
2 38087   0.0253  71.0659 0002295  84.8040 299.9494  1.00271138 42193
SES-5                   
1 38652U 12036A   23236.59339421  .00000040  00000+0  00000+0 0  9990
2 38652   0.0534 297.0971 0002145 208.8881  45.2241  1.00271407 34186
ASTRA 2F                
1 38778U 12051A   23237.37896772  .00000154  00000+0  00000+0 0  9996
2 38778   0.0961 258.5966 0003861 295.8309 303.6156  1.00277042 39993
SES-6                   
1 39172U 13026A   23237.41229903 -.00000257  00000+0  00000+0 0  9994
2 39172   0.0362 303.6327 0002684 218.3038 279.4127  1.00270994 37424
O3B FM5                 
1 39188U 13031A   23237.43967265 -.00000015  00000+0  00000+0 0  9991
2 39188   0.0414 344.0450 0002997 168.6670 207.3049  5.00115624185767
O3B FM4                 
1 39189U 13031B   23236.29601725 -.00000014  00000+0  00000+0 0  9990
2 39189   0.0541  14.7654 0002948 136.7132 208.5390  5.00116095185632
O3B FM2                 
1 39190U 13031C   23236.58780312 -.00000014  00000+0  00000+0 0  9994
2 39190   0.0568  19.2706 0002800 131.9225 208.8238  5.00115333185704
O3B PFM                 
1 39191U 13031D   23236.41377273 -.00000014  00000+0  00000+0 0  9995
2 39191   0.0455 354.8522 0002567 156.1120 209.0515  5.00115964185258
ASTRA 2E                
1 39285U 13056A   23237.37896772  .00000155  00000+0  00000+0 0  9997
2 39285   0.0585   0.0918 0002595 158.4542 339.7416  1.00275704 36294
SES-8                   
1 39460U 13071A   23236.86646618 -.00000264  00000+0  00000+0 0  9996
2 39460   0.0510 273.5294 0002617 212.7535 253.5192  1.00271578 34121
ASTRA 5B                
1 39617U 14011B   23237.37896772  .00000141  00000+0  00000+0 0  9993
2 39617   0.0806 299.0166 0002691 230.1421 324.1428  1.00269207 34576
O3B FM3                 
1 40079U 14038A   23236.46819933 -.00000014  00000+0  00000+0 0  9999
2 40079   0.0490   8.2291 0000658  78.6277 273.1522  5.00116728161621
O3B FM7                 
1 40080U 14038B   23236.41478282 -.00000014  00000+0  00000+0 0  9994
2 40080   0.0480  13.4351 0004426 138.5979 207.9923  5.00115831166459
O3B FM6                 
1 40081U 14038C   23236.04161205 -.00000014  00000+0  00000+0 0  9998
2 40081   0.0500   8.5130 0002641 141.0055 210.4984  5.00115255166393
O3B FM8                 
1 40082U 14038D   23236.49498376 -.00000014  00000+0  00000+0 0  9990
2 40082   0.0526  10.6002 0002554 143.1919 206.2224  5.00115938166533
O3B FM10                
1 40348U 14083A   23236.32153339 -.00000014  00000+0  00000+0 0  9994
2 40348   0.0500 358.0290 0002604 153.3458 208.6410  5.00115296158479
O3B FM11                
1 40349U 14083B   23236.53473805 -.00000014  00000+0  00000+0 0  9991
2 40349   0.0453 358.9433 0003251 146.1795 214.9000  5.00115541158498
O3B FM12                
1 40350U 14083C   23236.16223061 -.00000014  00000+0  00000+0 0  9999
2 40350   0.0461 359.8141 0002679 147.0008 213.2034  5.00115433158494
O3B FM9                 
1 40351U 14083D   23236.58845629 -.00000014  00000+0  00000+0 0  9996
2 40351   0.0441 358.8551 0002692 152.2080 208.9533  5.00115022158668
ASTRA 2G                
1 40364U 14089A   23237.37896772  .00000154  00000+0  00000+0 0  9993
2 40364   0.0468 334.6348 0003601 118.1179  45.2255  1.00271442 31723
SES-9                   
1 41380U 16013A   23236.85535484 -.00000340  00000+0  00000+0 0  9991
2 41380   0.0490 289.2113 0002136 191.0472 268.8310  1.00271665 27132
SES-10                  
1 42432U 17017A   23236.57903549 -.00000266  00000+0  00000+0 0  9992
2 42432   0.0191  77.8704 0002919  68.1705 328.1039  1.00272486 23448
SES-15                  
1 42709U 17026A   23236.61276553  .00000067  00000+0  00000+0 0  9990
2 42709   0.0210  33.1249 0000480  89.6774 301.2679  1.00267870 23837
SES-11 (ECHOSTAR 105)   
1 42967U 17063A   23235.63984802 -.00000081  00000+0  00000+0 0  9998
2 42967   0.0112 229.1619 0003065 303.9636 283.9495  1.00272944 21415
SES-14                  
1 43175U 18012B   23237.14563205 -.00000274  00000+0  00000+0 0  9997
2 43175   0.0020  87.2089 0001535  46.5155 204.3550  1.00271663 20746
O3B FM15                
1 43231U 18024A   23236.25472239 -.00000014  00000+0  00000+0 0  9992
2 43231   0.0532 356.9373 0002740 149.6626 213.4190  5.00114475 99609
O3B FM16                
1 43232U 18024B   23235.10860327 -.00000014  00000+0  00000+0 0  9995
2 43232   0.0569 354.9746 0002789 150.2472 214.7979  5.00116240 99467
O3B FM14                
1 43233U 18024C   23236.14807246 -.00000014  00000+0  00000+0 0  9992
2 43233   0.0584 354.8625 0002964 153.5187 211.6381  5.00115692 99524
O3B FM13                
1 43234U 18024D   23230.40493206 -.00000022  00000+0  00000+0 0  9992
2 43234   0.0476 347.1208 0003419 141.4434 231.4651  5.00116186 99343
SES-12                  
1 43488U 18049A   23237.02896558 -.00000264  00000+0  00000+0 0  9990
2 43488   0.0132  54.2616 0001198 176.3102 207.8853  1.00271642 19116
O3B FM20                
1 44112U 19020A   23236.77442614 -.00000014  00000+0  00000+0 0  9999
2 44112   0.0503 358.7231 0002971 143.2459 218.0534  5.00115699 80173
O3B FM19                
1 44113U 19020B   23232.80361411 -.00000017  00000+0  00000+0 0  9998
2 44113   0.0304 345.1640 0004151 168.2019 206.6559  5.00115443 79847
O3B FM17                
1 44114U 19020C   23236.28191974 -.00000014  00000+0  00000+0 0  9997
2 44114   0.0679   7.3870 0002735 138.1478 214.4845  5.00115983 80101
O3B FM18                
1 44115U 19020D   23236.42824694 -.00000014  00000+0  00000+0 0  9996
2 44115   0.0499 358.4141 0002708 151.5956 210.0073  5.00116017 80231
SES-17                  
1 49332U 21095A   23235.50404520 -.00000263  00000+0  00000+0 0  9993
2 49332   0.0191 111.6865 0001151  30.8786 303.3303  1.00269640  7529
SES-22                  
1 52933U 22071A   23236.60940653  .00000095  00000+0  00000+0 0  9995
2 52933   0.0183 119.7754 0001396  23.1798 274.0465  1.00272507  4230
SES-20                  
1 53960U 22123A   23236.94354824 -.00000096  00000+0  00000+0 0  9992
2 53960   0.0198 183.8548 0002229 275.3000 110.3870  1.00270744  3235
SES-21                  
1 53961U 22123B   23236.61193274  .00000076  00000+0  00000+0 0  9994
2 53961   0.0181  66.7972 0001011  90.0238 265.0895  1.00270182  3243
O3B MPOWER F1           
1 54755U 22174A   23234.55384646 -.00000014  00000+0  00000+0 0  9991
2 54755   0.0426  12.2902 0004228 209.3775 222.4271  5.00111984 13839
O3B MPOWER F2           
1 54756U 22174B   23236.81645324 -.00000014  00000+0  00000+0 0  9996
2 54756   0.0448  16.5743 0005755 194.5926 148.8004  5.00113895 14034
SES-18                  
1 55970U 23038A   23237.47318132 -.00000097  00000+0  00000+0 0  9993
2 55970   0.0557 272.7075 0001269 282.7285 205.2808  1.00271477  1822
SES-19                  
1 55971U 23038B   23237.47871049  .00000092  00000+0  00000+0 0  9999
2 55971   0.0550 285.0688 0001783 212.3626 233.4658  1.00270615  1797
O3B MPOWER F4           
1 56367U 23059A   23228.94185749 -.00000025  00000+0  00000+0 0  9996
2 56367   0.1700 296.6156 0005106 126.7903 296.6441  5.00254476  6812
O3B MPOWER F3           
1 56368U 23059B   23228.79014372 -.00000026  00000+0  00000+0 0  9994
2 56368   0.5781 277.3814 0362647  37.8059  41.9350  5.01587809  2943
