CALSPHERE 1             
1 00900U 64063C   23237.53705747  .00000718  00000+0  74733-3 0  9995
2 00900  90.1887  49.2237 0027475 151.5932 276.2207 13.74441294930278
CALSPHERE 2             
1 00902U 64063E   23236.75990833  .00000078  00000+0  10357-3 0  9993
2 00902  90.2021  52.6018 0017520 335.8755  83.4710 13.52759459717356
LCS 1                   
1 01361U 65034C   23236.92149434 -.00000009  00000+0 -22830-2 0  9998
2 01361  32.1412  96.0957 0006596 346.5735  13.4586  9.89303523108155
TEMPSAT 1               
1 01512U 65065E   23237.41866204  .00000052  00000+0  87450-4 0  9993
2 01512  89.9352 215.5591 0067947 251.4705 264.2026 13.33484404823203
CALSPHERE 4A            
1 01520U 65065H   23237.17276177  .00000103  00000+0  17918-3 0  9997
2 01520  89.9678 129.3351 0070445 119.5383   5.3640 13.35983799825977
OPS 5712 (P/L 160)      
1 02826U 67053A   23236.83909867  .00005154  00000+0  12208-2 0  9994
2 02826  69.9288 349.6221 0003096  91.7741 268.3750 14.54562784916155
OPS 5712 (P/L 153)      
1 02874U 67053H   23237.20951111  .00000062  00000+0  83580-4 0  9994
2 02874  69.9745 156.0058 0004673  87.3226 272.8415 13.96498425863867
SURCAL 150B             
1 02909U 67053J   23236.87096625  .00008263  00000+0  13536-2 0  9998
2 02909  69.9455 315.7412 0001004 167.5246 192.5924 14.71052452927673
RIGIDSPHERE 2 (LCS 4)   
1 05398U 71067E   23237.13305731  .00000814  00000+0  27337-3 0  9993
2 05398  87.6157 263.1916 0063667  35.9195 324.6257 14.34975832726661
COSMOS 2493 (SKRL-756 1)
1 39490U 13078A   23237.36518520  .00003150  00000+0  30976-3 0  9997
2 39490  82.4192 177.6890 0018161  93.9995 266.3300 14.91706803524653
COSMOS 2494 (SKRL-756 2)
1 39491U 13078B   23237.36650203  .00003796  00000+0  35812-3 0  9993
2 39491  82.4191 170.4722 0022326  68.8412 291.5191 14.93340902525038
