SPACEBEE-7              
1 43816U 18099BL  23237.11928656  .00008463  00000+0  62213-3 0  9991
2 43816  97.5932 300.6386 0011223 217.7734 142.2705 15.03609752257660
SPACEBEE-5              
1 43817U 18099BM  23236.89669017  .00045156  00000+0  19355-2 0  9997
2 43817  97.5861 309.3514 0004767 196.6575 163.4505 15.22599826258131
SPACEBEE-6              
1 43818U 18099BN  23236.43244029  .00011393  00000+0  74743-3 0  9999
2 43818  97.5841 302.3314 0010671 233.8626 126.1615 15.07781737257845
SPACEBEE-62             
1 47429U 21006S   23236.11556007  .00033754  00000+0  95091-3 0  9994
2 47429  97.3795 296.5418 0009774 181.3528 178.7691 15.36322635143269
SPACEBEE-63             
1 47442U 21006AF  23237.09113180  .00027998  00000+0  96501-3 0  9998
2 47442  97.3842 293.4909 0004545 192.3492 167.7637 15.29964112143117
SPACEBEE-55             
1 47459U 21006AY  23236.39233073  .00028619  00000+0  89124-3 0  9996
2 47459  97.3759 294.1813 0008301 194.0432 166.0580 15.33206406143165
SPACEBEE-57             
1 47465U 21006BE  23236.91850767  .00027705  00000+0  95975-3 0  9992
2 47465  97.3779 292.5503 0004024 194.7608 165.3515 15.29804385143088
SPACEBEENZ-10           
1 48882U 21059D   23236.84315999  .00425394  00000+0  24388-2 0  9994
2 48882  97.5790  22.2189 0008281 283.5854  76.4489 15.77606010120360
SPACEBEE-100            
1 48883U 21059E   23236.63414385  .00038280  00000+0  10666-2 0  9999
2 48883  97.6003  15.4204 0004983  29.2173 330.9349 15.36676211119888
SPACEBEE-101            
1 48884U 21059F   23236.82104397  .00038099  00000+0  10956-2 0  9990
2 48884  97.6013  15.3545 0004815  32.8121 327.3420 15.35690060119892
SPACEBEE-102            
1 48886U 21059H   23236.34158677  .00036390  00000+0  10408-2 0  9993
2 48886  97.6010  14.9088 0004757  32.7342 327.4195 15.35870567119822
SPACEBEENZ-9            
1 48887U 21059J   23236.63772701  .00416700  00000+0  23254-2 0  9996
2 48887  97.5777  22.0002 0008253 283.0736  76.9608 15.78238342120330
SPACEBEE-103            
1 48888U 21059K   23237.08074551  .00042504  00000+0  11697-2 0  9990
2 48888  97.6018  16.1157 0004900  26.1958 333.9532 15.37038956119965
SPACEBEENZ-7            
1 48889U 21059L   23236.86028618  .00548710  00000+0  25854-2 0  9999
2 48889  97.5776  22.8399 0008940 284.6782  75.3495 15.81645939120390
SPACEBEE-104            
1 48890U 21059M   23236.60832142  .00041379  00000+0  11273-2 0  9997
2 48890  97.6009  15.6054 0004819  27.7132 332.4368 15.37359352119897
SPACEBEENZ-8            
1 48891U 21059N   23236.84570910  .00407821  00000+0  24551-2 0  9997
2 48891  97.5833  22.4355 0007943 286.2423  73.7968 15.76542980120367
SPACEBEE-106            
1 48893U 21059Q   23236.33659719  .00036132  00000+0  10342-2 0  9994
2 48893  97.6034  15.2819 0005379  34.7162 325.4431 15.35845426119833
SPACEBEE-107            
1 48894U 21059R   23236.61625791  .00042446  00000+0  11246-2 0  9998
2 48894  97.6025  16.3189 0005017  28.5024 331.6494 15.38215324119922
SPACEBEE-108            
1 48895U 21059S   23236.38910305  .00035922  00000+0  10245-2 0  9990
2 48895  97.6030  15.3274 0005545  32.3760 327.7823 15.35958944119841
SPACEBEE-105            
1 48896U 21059T   23236.39094429  .00039412  00000+0  10785-2 0  9999
2 48896  97.6014  15.2940 0005116  17.9098 342.2325 15.37231263119850
SPACEBEE-109            
1 48897U 21059U   23236.63193745  .00040252  00000+0  10858-2 0  9993
2 48897  97.6035  16.1045 0005204  28.3914 331.7612 15.37670771119911
SPACEBEE-110            
1 48899U 21059W   23236.63839835  .00038959  00000+0  10444-2 0  9994
2 48899  97.6033  16.4486 0005350  23.2743 336.8742 15.37870310119932
SPACEBEE-111            
1 48904U 21059AB  23236.62637968  .00043725  00000+0  11043-2 0  9996
2 48904  97.6039  17.1519 0005605  20.8333 339.3140 15.39677760119971
SPACEBEE-121            
1 52009U 22026B   23236.98498137  .00043052  00000+0  11879-2 0  9994
2 52009  97.5042 241.7599 0017929 182.2306 177.8861 15.36802599 80185
SPACEBEE-114            
1 52010U 22026C   23236.80442651  .00041769  00000+0  11193-2 0  9999
2 52010  97.5067 242.0067 0017186 182.1012 178.0164 15.37729859 80183
SPACEBEE-126            
1 52011U 22026D   23236.74448192  .00042256  00000+0  11315-2 0  9997
2 52011  97.5054 241.8365 0017553 180.5190 179.6040 15.37743151 80164
SPACEBEE-118            
1 52012U 22026E   23236.99980451  .00046591  00000+0  12250-2 0  9999
2 52012  97.5051 242.4505 0016781 182.5166 177.5997 15.38298062 80235
SPACEBEE-120            
1 52013U 22026F   23236.82187293  .00045724  00000+0  12168-2 0  9990
2 52013  97.5046 242.0256 0018418 178.3542 181.7766 15.37900465 80180
SPACEBEE-122            
1 52014U 22026G   23236.76906775  .00043266  00000+0  11333-2 0  9990
2 52014  97.5036 242.0946 0017224 180.1844 179.9397 15.38423627 80186
SPACEBEE-119            
1 52015U 22026H   23236.44238481  .00038270  00000+0  10499-2 0  9999
2 52015  97.5059 241.3791 0017936 184.1474 175.9624 15.37007921 80100
SPACEBEE-115            
1 52016U 22026J   23236.98226675  .00042641  00000+0  11762-2 0  9992
2 52016  97.5069 242.0723 0017885 181.6519 178.4669 15.36815338 80194
SPACEBEENZ-14           
1 52018U 22026L   23236.99657307  .00090308  00000+0  16621-2 0  9997
2 52018  97.4987 244.3474 0016116 168.0650 192.0986 15.48721450 80359
SPACEBEENZ-11           
1 52019U 22026M   23237.00917039  .00114016  00000+0  18502-2 0  9995
2 52019  97.4966 244.9211 0015649 166.4485 193.7191 15.52204528 80353
SPACEBEE-127            
1 52020U 22026N   23236.74759665  .00036147  00000+0  10272-2 0  9990
2 52020  97.5062 241.5388 0018295 183.2676 176.8451 15.35916235 80098
SPACEBEE-125            
1 52021U 22026P   23236.83087792  .00046750  00000+0  12233-2 0  9996
2 52021  97.5052 242.2993 0018573 180.2572 179.8667 15.38412079 80079
SPACEBEE-117            
1 52022U 22026Q   23236.89386288  .00040388  00000+0  11293-2 0  9991
2 52022  97.5067 241.8799 0018330 182.2323 177.8842 15.36395975 80045
SPACEBEE-116            
1 52023U 22026R   23237.01806879  .00042188  00000+0  11532-2 0  9996
2 52023  97.5071 242.1858 0017901 179.9631 180.1617 15.37099292 80073
SPACEBEE-113            
1 52024U 22026S   23236.67097569  .00040398  00000+0  10747-2 0  9994
2 52024  97.5059 241.9873 0019024 178.9917 181.1370 15.37927416 80039
SPACEBEE-112            
1 52025U 22026T   23236.81641712  .00061940  00000+0  14308-2 0  9999
2 52025  97.5035 242.9884 0017023 175.4906 184.6498 15.42156990 80119
SPACEBEENZ-13           
1 52026U 22026U   23236.80763901  .00090295  00000+0  16181-2 0  9990
2 52026  97.4978 244.2780 0016044 167.9080 192.2559 15.49485458 80110
SPACEBEE-123            
1 52027U 22026V   23236.50410730  .00038625  00000+0  10692-2 0  9997
2 52027  97.5052 241.3666 0017815 183.2041 176.9092 15.36729088 79891
SPACEBEENZ-12           
1 52028U 22026W   23235.57583898  .00057841  00000+0  12167-2 0  9990
2 52028  97.5092 242.4874 0016027 176.5613 183.5748 15.44976180 79969
SPACEBEE-124            
1 52029U 22026X   23236.64472670  .00038389  00000+0  10597-2 0  9996
2 52029  97.5046 241.4728 0018037 182.8356 177.2789 15.36812989 78638
SPACEBEE-136            
1 52164U 22033H   23236.46736387  .00204011  00000+0  17039-2 0  9997
2 52164  97.3346 323.1895 0007342 247.0367 113.0120 15.69384579 78176
SPACEBEE-138            
1 52166U 22033K   23237.04360233  .00223792  00000+0  19201-2 0  9997
2 52166  97.3385 323.8011 0007455 244.8734 115.1755 15.68666249 78258
SPACEBEE-130            
1 52176U 22033V   23236.48001146  .00223029  00000+0  17784-2 0  9997
2 52176  97.3370 323.3992 0006696 247.0825 112.9732 15.70458792 78185
SPACEBEE-139            
1 52177U 22033W   23236.79048348  .00182051  00000+0  17861-2 0  9992
2 52177  97.3398 322.9575 0007330 248.2488 111.7992 15.65457617 78175
SPACEBEE-129            
1 52179U 22033Y   23236.18959790  .00134898  00000+0  15160-2 0  9995
2 52179  97.3392 321.8338 0005844 247.3753 112.6887 15.62147125 78056
SPACEBEE-134            
1 52180U 22033Z   23236.45468021  .00135319  00000+0  15802-2 0  9991
2 52180  97.3363 321.7206 0006355 251.8258 108.2308 15.61143927 78073
SPACEBEE-131            
1 52181U 22033AA  23236.53764971  .00134965  00000+0  15819-2 0  9998
2 52181  97.3406 322.1548 0005784 249.7388 110.3248 15.61052178 78086
SPACEBEE-128            
1 52182U 22033AB  23236.18422352  .00146496  00000+0  15497-2 0  9998
2 52182  97.3416 322.1519 0006105 247.9333 112.1278 15.63665836 78068
SPACEBEE-133            
1 52183U 22033AC  23236.18128771  .00126672  00000+0  14582-2 0  9995
2 52183  97.3386 321.8698 0006385 251.3888 108.6676 15.61545891 78049
SPACEBEE-132            
1 52185U 22033AE  23236.18500624  .00191247  00000+0  16737-2 0  9992
2 52185  97.3380 322.8109 0006208 252.7070 107.3513 15.68286465 78115
SPACEBEE-137            
1 52186U 22033AF  23236.23130011  .00139490  00000+0  15375-2 0  9997
2 52186  97.3379 321.9595 0006687 249.5706 110.4835 15.62627617 78062
SPACEBEE-135            
1 52187U 22033AG  23237.03750637  .00216696  00000+0  19121-2 0  9996
2 52187  97.3400 323.6976 0006907 246.9425 113.1108 15.68001453 78225
SPACEBEE-143            
1 52394U 22047A   23236.47468637  .00030933  00000+0  10394-2 0  9995
2 52394  97.4177 320.0388 0007043 108.5710 251.6296 15.30755621 74120
SPACEBEENZ-15           
1 52395U 22047B   23237.02992622  .00067092  00000+0  16559-2 0  9999
2 52395  97.4155 322.5945 0004967 107.9236 252.2552 15.40269598 74341
SPACEBEENZ-16           
1 52396U 22047C   23236.45713135  .00060169  00000+0  14942-2 0  9998
2 52396  97.4154 321.9859 0005260 110.1893 249.9919 15.40112531 74254
SPACEBEENZ-17           
1 52397U 22047D   23235.19516417  .00056094  00000+0  14230-2 0  9995
2 52397  97.4155 320.6206 0005424 114.5194 245.6617 15.39479782 74050
SPACEBEENZ-18           
1 52398U 22047E   23236.23422382  .00054795  00000+0  13809-2 0  9996
2 52398  97.4154 321.6701 0005046 111.5428 248.6355 15.39689807 74219
SPACEBEE-140            
1 52399U 22047F   23236.17852866  .00039545  00000+0  11892-2 0  9990
2 52399  97.4177 320.5729 0006195 108.1947 251.9971 15.34263063 74158
SPACEBEE-141            
1 52400U 22047G   23236.17225784  .00030864  00000+0  10317-2 0  9992
2 52400  97.4183 319.8349 0007018 107.1682 253.0327 15.30924700 74085
SPACEBEE-142            
1 52401U 22047H   23236.18430811  .00029260  00000+0  99861-3 0  9993
2 52401  97.4170 319.6366 0006999 108.4474 251.7528 15.30263268 74071
SPACEBEENZ-20           
1 52402U 22047J   23236.46309575  .00058531  00000+0  14874-2 0  9990
2 52402  97.4142 321.7793 0005637 112.8366 247.3475 15.39414000 74248
SPACEBEENZ-22           
1 52403U 22047K   23236.47827948  .00052482  00000+0  14120-2 0  9994
2 52403  97.4145 321.4669 0006284 110.8868 249.3049 15.37681329 74220
SPACEBEENZ-19           
1 52404U 22047L   23236.23634466  .00054579  00000+0  13714-2 0  9997
2 52404  97.4148 321.6425 0005782 112.9772 247.2084 15.39777408 74216
SPACEBEENZ-21           
1 52405U 22047M   23236.17775508  .00051703  00000+0  13381-2 0  9990
2 52405  97.4149 321.4091 0006086 112.9671 247.2217 15.38884037 74192
SPACEBEE-148            
1 52406U 22047N   23236.87160197  .00040424  00000+0  12245-2 0  9996
2 52406  97.4169 321.1346 0006802 107.7297 252.4689 15.34023788 74237
SPACEBEE-149            
1 52407U 22047P   23236.75585972  .00031556  00000+0  10410-2 0  9994
2 52407  97.4170 320.3668 0007415 107.9876 252.2174 15.31344374 74178
SPACEBEE-153            
1 52408U 22047Q   23236.65396642  .00034878  00000+0  11263-2 0  9995
2 52408  97.4207 320.7076 0007423 117.8675 242.3319 15.32009324 74178
SPACEBEE-150            
1 52409U 22047R   23236.48333180  .00030749  00000+0  10357-2 0  9991
2 52409  97.4175 319.9892 0007621 110.1003 250.1059 15.30676038 74123
SPACEBEE-144            
1 52410U 22047S   23237.01822811  .00033329  00000+0  11267-2 0  9995
2 52410  97.4183 320.5343 0007038 107.1848 253.0164 15.30543920 74209
SPACEBEE-145            
1 52411U 22047T   23236.23699769  .00029935  00000+0  10119-2 0  9996
2 52411  97.4177 319.7329 0007117 109.6745 250.5264 15.30569056 74085
SPACEBEE-146            
1 52412U 22047U   23236.95770865  .00033429  00000+0  11194-2 0  9990
2 52412  97.4173 320.4303 0007021 108.2050 251.9956 15.30851356 74193
SPACEBEE-151            
1 52413U 22047V   23237.03702992  .00033834  00000+0  11445-2 0  9996
2 52413  97.4174 320.4606 0007521 108.9960 251.2096 15.30517267 74203
SPACEBEE-152            
1 52414U 22047W   23237.01227465  .00031637  00000+0  10787-2 0  9999
2 52414  97.4167 320.3235 0007631 108.3733 251.8338 15.30272830 74194
SPACEBEE-147            
1 52415U 22047X   23236.88369592  .00031412  00000+0  10765-2 0  9999
2 52415  97.4183 320.2592 0007117 109.7438 250.4571 15.30112975 74179
SPACEBEE-155            
1 52416U 22047Y   23236.89553409  .00032166  00000+0  11228-2 0  9995
2 52416  97.4153 319.8118 0008083 113.2909 246.9183 15.29501743 74151
SPACEBEE-154            
1 52417U 22047Z   23236.18917239  .00029062  00000+0  99944-3 0  9996
2 52417  97.4174 319.4530 0007586 113.3275 246.8765 15.30012775 74062
SPACEBEE-167            
1 55087U 23001CG  23236.40965887  .00016279  00000+0  71946-3 0  9998
2 55087  97.4709 295.8583 0015404 124.5530 235.7162 15.21683306 35466
SPACEBEE-163            
1 55089U 23001CJ  23237.13760984  .00023333  00000+0  10014-2 0  9999
2 55089  97.4701 296.7075 0014842 121.9689 238.2992 15.22614871 35581
SPACEBEE-164            
1 55091U 23001CL  23236.17375091  .00018187  00000+0  79339-3 0  9993
2 55091  97.4707 295.7054 0015556 124.7174 235.5530 15.22102269 35434
SPACEBEE-166            
1 55092U 23001CM  23236.15549276  .00020553  00000+0  86582-3 0  9998
2 55092  97.4695 295.8717 0016703 125.3650 234.9150 15.23245188 35440
SPACEBEE-165            
1 55094U 23001CP  23236.40685741  .00017717  00000+0  76552-3 0  9990
2 55094  97.4704 295.9982 0014800 123.3824 236.8831 15.22444577 35477
SPACEBEE-162            
1 55095U 23001CQ  23236.81459741  .00019143  00000+0  82996-3 0  9999
2 55095  97.4709 296.3799 0015746 122.0339 238.2429 15.22298037 35535
SPACEBEE-161            
1 55096U 23001CR  23237.13606042  .00019908  00000+0  86040-3 0  9997
2 55096  97.4706 296.7151 0015787 120.8559 239.4233 15.22396242 35582
SPACEBEE-160            
1 55097U 23001CS  23236.40689251  .00017747  00000+0  76718-3 0  9990
2 55097  97.4704 296.0017 0015850 123.6239 236.6512 15.22413058 35474
SPACEBEE-156            
1 55099U 23001CU  23237.12251628  .00021475  00000+0  92335-3 0  9991
2 55099  97.4706 296.7314 0015791 120.9027 239.3764 15.22556585 35588
SPACEBEE-158            
1 55100U 23001CV  23237.13623611  .00019199  00000+0  83235-3 0  9999
2 55100  97.4716 296.7245 0016368 121.4399 238.8440 15.22289773 35581
SPACEBEE-159            
1 55101U 23001CW  23236.15391882  .00019106  00000+0  80945-3 0  9996
2 55101  97.4706 295.8821 0016997 124.6052 235.6791 15.23063911 35444
SPACEBEE-157            
1 55102U 23001CX  23237.11186044  .00022107  00000+0  92797-3 0  9999
2 55102  97.4691 296.8636 0015264 122.7309 237.5402 15.23372098 35598
SPACEBEE-179            
1 56969U 23084AP  23236.54212990  .00015129  00000+0  79252-3 0  9995
2 56969  97.5185 352.2837 0013915 324.0416  35.9879 15.15812263 11008
SPACEBEE-177            
1 56972U 23084AS  23236.27338047  .00014850  00000+0  77450-3 0  9999
2 56972  97.5191 352.0325 0014209 324.9833  35.0464 15.15968443 10965
SPACEBEE-178            
1 56973U 23084AT  23236.53965500  .00011625  00000+0  61016-3 0  9997
2 56973  97.5195 352.2955 0014408 325.8051  34.2252 15.15801856 11000
SPACEBEE-176            
1 56975U 23084AV  23236.27221933  .00015047  00000+0  78509-3 0  9992
2 56975  97.5189 352.0327 0014302 324.4283  35.5995 15.15949526 10960
SPACEBEE-174            
1 56976U 23084AW  23236.26927496  .00014772  00000+0  76922-3 0  9990
2 56976  97.5190 352.0379 0014364 324.2026  35.8242 15.16023520 10967
SPACEBEE-173            
1 56978U 23084AY  23236.26750310  .00014876  00000+0  77359-3 0  9991
2 56978  97.5192 352.0416 0014561 324.1664  35.8591 15.16067488 10967
SPACEBEE-172            
1 56979U 23084AZ  23236.27035394  .00014961  00000+0  78040-3 0  9994
2 56979  97.5188 352.0362 0014736 325.0226  35.0037 15.15955350 10961
SPACEBEE-171            
1 56980U 23084BA  23236.59624825  .00015571  00000+0  80852-3 0  9996
2 56980  97.5192 352.3709 0014635 322.8079  37.2138 15.16108506 11012
SPACEBEE-169            
1 56982U 23084BC  23236.27770829  .00015119  00000+0  79377-3 0  9997
2 56982  97.5180 352.0215 0014918 324.1095  35.9134 15.15721366 10965
SPACEBEE-170            
1 56983U 23084BD  23236.33226710  .00016571  00000+0  86165-3 0  9996
2 56983  97.5196 352.1101 0014060 321.4947  38.5281 15.16053165 10971
SPACEBEE-168            
1 56984U 23084BE  23236.33028789  .00014149  00000+0  73511-3 0  9993
2 56984  97.5208 352.1270 0014845 325.0003  35.0253 15.16108057 10979
SPACEBEE-175            
1 56985U 23084BF  23236.32189818  .00014034  00000+0  72506-3 0  9990
2 56985  97.5196 352.1252 0015626 327.1374  32.8886 15.16297567 10970
