CALSPHERE 1             
1 00900U 64063C   21055.40237631  .00000270  00000-0  27926-3 0  9995
2 00900  90.1598  32.5219 0028726  23.1322 149.4785 13.73488033805037
CALSPHERE 2             
1 00902U 64063E   21055.47075076  .00000042  00000-0  48802-4 0  9991
2 00902  90.1702  35.2945 0020346  94.7154  28.2870 13.52691953594150
LCS 1                   
1 01361U 65034C   21055.48760432  .00000005  00000-0 -42594-3 0  9999
2 01361  32.1413 100.1304 0009488 340.0856  19.9270  9.89298807 17894
TEMPSAT 1               
1 01512U 65065E   21055.38657561  .00000022  00000-0  27963-4 0  9990
2 01512  89.8848 223.2134 0068182 293.5112  75.5468 13.33435146701669
CALSPHERE 4A            
1 01520U 65065H   21055.46437279  .00000054  00000-0  86997-4 0  9997
2 01520  90.0221 129.8289 0070901 169.7899 201.9113 13.35835421703843
OPS 5712 (P/L 160)      
1 02826U 67053A   21055.48290508  .00000639  00000-0  18299-3 0  9998
2 02826  69.9294 329.0182 0008883 284.5819  75.4328 14.49384376783453
OPS 5712 (P/L 153)      
1 02874U 67053H   21054.92241095  .00000004  00000-0  41207-4 0  9998
2 02874  69.9748 310.0837 0008731 212.0277 148.0299 13.96363490736056
SURCAL 150B             
1 02909U 67053J   21055.47945879  .00000976  00000-0  20725-3 0  9998
2 02909  69.9494 340.9345 0005401 304.1210  55.9417 14.62164725793718
RIGIDSPHERE 2 (LCS 4)   
1 05398U 71067E   21055.51311237  .00000193  00000-0  61113-4 0  9991
2 05398  87.6295 154.8848 0064586 160.0141 200.3608 14.33963674595761
COSMOS 2493 (SKRL-756 1)
1 39490U 13078A   21055.57069093  .00000366  00000-0  36456-4 0  9999
2 39490  82.4212 331.8365 0015968 240.0373 119.9260 14.88736215388612
COSMOS 2494 (SKRL-756 2)
1 39491U 13078B   21055.45972479  .00000378  00000-0  36359-4 0  9993
2 39491  82.4209 326.7345 0020940 219.2841 140.6859 14.90127703389079
