NOAA 15                 
1 25338U 98030A   21055.54145703  .00000038  00000-0  34507-4 0  9997
2 25338  98.6952  85.0051 0009459 246.7834 113.2350 14.26014346185158
DMSP 5D-3 F15 (USA 147) 
1 25991U 99067A   21055.48477162 -.00000079  00000-0 -16920-4 0  9999
2 25991  99.0044  35.1966 0010841 103.3696   4.1964 14.16460812 96109
METEOSAT-8 (MSG-1)      
1 27509U 02040B   21055.22549505  .00000137  00000-0  00000-0 0  9995
2 27509   7.1683  52.9990 0001533 281.6829 302.4378  1.00262529 67818
DMSP 5D-3 F16 (USA 172) 
1 28054U 03048A   21055.56846412 -.00000031  00000-0  72284-5 0  9996
2 28054  98.9428  40.1347 0006642 224.2607 244.4202 14.13646850895515
NOAA 18                 
1 28654U 05018A   21055.40010928  .00000098  00000-0  77502-4 0  9998
2 28654  99.0092 119.7461 0013531 238.4882 121.4968 14.12583855812489
METEOSAT-9 (MSG-2)      
1 28912U 05049B   21055.36573069  .00000017  00000-0  00000-0 0  9990
2 28912   4.9635  69.0100 0001400 241.9504 338.7290  1.00265998 55593
FORMOSAT-3 FM6          
1 29047U 06011A   21055.45787533  .00000099  00000-0  55184-4 0  9990
2 29047  71.9796 315.6202 0050652 345.0357  14.9277 14.28795414777306
FORMOSAT-3 FM1          
1 29048U 06011B   21055.48223677  .00000087  00000-0  50615-4 0  9999
2 29048  71.9647 226.1794 0045165 304.2610  55.4253 14.28756857779793
FORMOSAT-3 FM5          
1 29049U 06011C   21055.39971909  .00000080  00000-0  47603-4 0  9994
2 29049  72.0208  39.4308 0036085 327.0958  32.7932 14.28833396775550
FORMOSAT-3 FM3          
1 29050U 06011D   21055.53108461  .00000213  00000-0  54953-4 0  9991
2 29050  72.0165 159.4785 0051414 228.2029 131.4726 14.59020817793097
FORMOSAT-3 FM4          
1 29051U 06011E   21055.39360064  .00000089  00000-0  50389-4 0  9995
2 29051  72.0052 301.0133 0069426 210.4348 149.2752 14.28868167778143
FORMOSAT-3 FM2          
1 29052U 06011F   21055.58493880  .00000087  00000-0  50431-4 0  9996
2 29052  72.0361  15.5790 0042210 287.5298  72.1229 14.28974614775701
EWS-G1 (GOES 13)        
1 29155U 06018A   21055.44912824  .00000034  00000-0  00000-0 0  9991
2 29155   0.4036 275.9133 0004390 336.2453 125.7333  1.00270908 23937
METOP-A                 
1 29499U 06044A   21055.58562962  .00000022  00000-0  29365-4 0  9996
2 29499  98.4890  99.2718 0000663 112.2621  41.8265 14.21499135744706
DMSP 5D-3 F17 (USA 191) 
1 29522U 06050A   21055.53171048  .00000038  00000-0  43041-4 0  9990
2 29522  98.7909  73.9768 0010003 174.7068 185.4213 14.14037588738352
FENGYUN 3A              
1 32958U 08026A   21055.42747760 -.00000003  00000-0  18636-4 0  9995
2 32958  98.4372  34.4776 0008213 333.8752  26.2009 14.18648151660446
FENGYUN 2E              
1 33463U 08066A   21055.56238743 -.00000202  00000-0  00000-0 0  9995
2 33463   4.8695  67.6738 0004346 321.7638  54.3205  1.00264678 44659
NOAA 19                 
1 33591U 09005A   21055.49445916  .00000021  00000-0  36750-4 0  9998
2 33591  99.1921  73.3525 0014904  89.6983 270.5895 14.12453254620713
GOES 14                 
1 35491U 09033A   21055.57460552 -.00000094  00000-0  00000-0 0  9998
2 35491   0.0651 168.2181 0011046  60.1635  28.8224  1.00271084 42719
METEOR-M 1              
1 35865U 09049A   21055.37463217  .00000009  00000-0  23053-4 0  9991
2 35865  98.4674  38.0459 0002565 151.8638 208.2679 14.22265072593581
DMSP 5D-3 F18 (USA 210) 
1 35951U 09057A   21055.56852742  .00000072  00000-0  61205-4 0  9993
2 35951  98.6704  43.2779 0011405  14.9933 345.1576 14.13334645585611
GOES 15                 
1 36411U 10008A   21055.55738712  .00000054  00000-0  00000-0 0  9994
2 36411   0.1944 255.8671 0003590 126.0077 205.2713  1.00265287 40228
COMS 1                  
1 36744U 10032A   21055.46238809 -.00000346  00000-0  00000-0 0  9997
2 36744   0.0153 147.7489 0000747 193.0778 108.3810  1.00272126 31644
FENGYUN 3B              
1 37214U 10059A   21055.40163496  .00000021  00000-0  34293-4 0  9996
2 37214  99.0723  47.3551 0015921 274.3077  85.6277 14.15976684533335
SUOMI NPP               
1 37849U 11061A   21055.61790852  .00000010  00000-0  25280-4 0  9993
2 37849  98.7277 355.8556 0000582  89.2926  83.2941 14.19551544483394
FENGYUN 2F              
1 38049U 12002A   21055.51360705 -.00000358  00000-0  00000-0 0  9996
2 38049   2.6466  82.6042 0004421  24.8720 343.9741  1.00263214 33451
METEOSAT-10 (MSG-3)     
1 38552U 12035B   21055.22336167  .00000064  00000-0  00000-0 0  9997
2 38552   1.2212 359.8059 0001233  25.7299 218.5903  1.00278211 31414
METOP-B                 
1 38771U 12049A   21055.55794152  .00000012  00000-0  25330-4 0  9993
2 38771  98.6951 117.2201 0001505  34.7759  71.7301 14.21498374437833
FENGYUN 3C              
1 39260U 13052A   21055.41953653  .00000005  00000-0  23417-4 0  9996
2 39260  98.5160 101.2210 0010550 205.5349 154.5308 14.15859943384276
METEOR-M 2              
1 40069U 14037A   21055.46768579 -.00000031  00000-0  51702-5 0  9994
2 40069  98.4750  89.0844 0004368 271.9492  88.1188 14.20681148343999
HIMAWARI-8              
1 40267U 14060A   21055.46491794 -.00000278  00000-0  00000-0 0  9995
2 40267   0.0554 221.2795 0001341 120.9394 120.3227  1.00269858 23315
FENGYUN 2G              
1 40367U 14090A   21055.50188297 -.00000304  00000-0  00000-0 0  9995
2 40367   0.7530  93.1618 0002665 303.7078  38.1192  1.00269325 22604
METEOSAT-11 (MSG-4)     
1 40732U 15034A   21055.22144248 -.00000007  00000-0  00000-0 0  9997
2 40732   0.2497 253.0235 0000620  13.9040 326.7999  1.00268138 20607
ELEKTRO-L 2             
1 41105U 15074A   21055.36215402 -.00000117  00000-0  00000-0 0  9994
2 41105   1.8053  93.9585 0001198 163.3501  13.0132  1.00271096 19070
HIMAWARI-9              
1 41836U 16064A   21055.51277906 -.00000277  00000-0  00000-0 0  9996
2 41836   0.0154 175.2251 0000873 181.3416 123.3671  1.00272603 15751
GOES 16                 
1 41866U 16071A   21055.49361858 -.00000250  00000-0  00000+0 0  9994
2 41866   0.0548 297.3240 0001899  57.8373 261.9034  1.00272185 15671
FENGYUN 4A              
1 41882U 16077A   21055.50118855 -.00000332  00000-0  00000-0 0  9999
2 41882   0.1275  89.7695 0004201 344.7253   5.2094  1.00270862 15540
CYGFM05                 
1 41884U 16078A   21054.99715566  .00000723  00000-0  39635-4 0  9999
2 41884  34.9565 297.1847 0015102 135.1473 225.0461 15.14894424232223
CYGFM04                 
1 41885U 16078B   21055.34304941  .00000724  00000-0  39102-4 0  9991
2 41885  34.9494 286.8600 0013663 151.4085 208.7378 15.15401758232306
CYGFM02                 
1 41886U 16078C   21055.00691595  .00000721  00000-0  38949-4 0  9994
2 41886  34.9588 290.8628 0014315 143.3965 216.7727 15.15400371232316
CYGFM01                 
1 41887U 16078D   21054.99758848  .00000722  00000-0  39763-4 0  9993
2 41887  34.9533 298.7157 0015580 135.3085 224.8885 15.14688691232171
CYGFM08                 
1 41888U 16078E   21055.05182680  .00000720  00000-0  39205-4 0  9996
2 41888  34.9501 293.1014 0014857 144.6302 215.5398 15.15104101232300
CYGFM06                 
1 41889U 16078F   21055.31611692  .00000714  00000-0  38630-4 0  9990
2 41889  34.9580 287.6325 0013280 146.3140 213.8418 15.15391430232328
CYGFM07                 
1 41890U 16078G   21054.96530789  .00000737  00000-0  39795-4 0  9997
2 41890  34.9519 288.7922 0013069 146.9529 213.2001 15.15389995232267
CYGFM03                 
1 41891U 16078H   21054.69848178  .00000699  00000-0  37879-4 0  9990
2 41891  34.9551 290.7779 0012514 143.0698 217.0877 15.15375774232225
FENGYUN 3D              
1 43010U 17072A   21055.45497286  .00000001  00000-0  21235-4 0  9991
2 43010  98.7778 358.2376 0002594  76.5483 283.5983 14.19761502169957
NOAA 20                 
1 43013U 17073A   21055.54912405 -.00000013  00000-0  14595-4 0  9995
2 43013  98.7443 355.8865 0001090  70.5927 289.5366 14.19551129169427
GOES 17                 
1 43226U 18022A   21054.97883941  .00000097  00000-0  00000-0 0  9997
2 43226   0.0615 280.8785 0000665  65.5526  22.7946  1.00272681 10968
FENGYUN 2H              
1 43491U 18050A   21055.45261767 -.00000128  00000-0  00000-0 0  9998
2 43491   0.0954 224.6421 0002417 267.6321 264.3016  1.00268154 10070
METOP-C                 
1 43689U 18087A   21055.57467872  .00000015  00000-0  26933-4 0  9996
2 43689  98.7021 117.6558 0002208  10.5581 349.5643 14.21491790119412
GEO-KOMPSAT-2A          
1 43823U 18100A   21054.24219406 -.00000343  00000-0  00000-0 0  9991
2 43823   0.0472 293.8139 0002133   5.0757  69.8821  1.00271633  8165
IOD-1 GEMS              
1 44385U 98067QK  21055.50119859  .00184476  00000-0  79203-3 0  9999
2 44385  51.6341 130.4729 0003165 339.7943  20.2935 15.83996792 94031
METEOR-M2 2             
1 44387U 19038A   21055.46195598 -.00000007  00000-0  15897-4 0  9999
2 44387  98.6553  16.9592 0000844 158.7155 201.4059 14.23685865 85398
