CALSPHERE 1             
1 00900U 64063C   23235.49050506  .00000720  00000+0  75032-3 0  9990
2 00900  90.1885  49.1834 0027266 157.4531 230.2222 13.74438519929985
CALSPHERE 2             
1 00902U 64063E   23234.03689774  .00000066  00000+0  86261-4 0  9996
2 00902  90.2019  52.5465 0017785 344.1169 142.2578 13.52759148717444
LCS 1                   
1 01361U 65034C   23231.16571367  .00000021  00000+0  16434-2 0  9998
2 01361  32.1408 109.7620 0006751 325.7515  34.2547  9.89303554107923
TEMPSAT 1               
1 01512U 65065E   23234.48475552  .00000045  00000+0  73908-4 0  9994
2 01512  89.9346 215.5772 0067886 259.9364 219.6325 13.33484189822815
CALSPHERE 4A            
1 01520U 65065H   23235.16011233  .00000131  00000+0  23390-3 0  9996
2 01520  89.9681 129.3414 0070302 125.0954  45.5645 13.35983427825709
OPS 5712 (P/L 160)      
1 02826U 67053A   23236.83909867  .00005154  00000+0  12208-2 0  9994
2 02826  69.9288 349.6221 0003096  91.7741 268.3750 14.54562784916155
OPS 5712 (P/L 153)      
1 02874U 67053H   23235.20397832  .00000068  00000+0  87719-4 0  9990
2 02874  69.9743 160.3018 0004679  91.6610 268.5032 13.96497941863588
SURCAL 150B             
1 02909U 67053J   23236.87096625  .00008263  00000+0  13536-2 0  9998
2 02909  69.9455 315.7412 0001004 167.5246 192.5924 14.71052452927673
RIGIDSPHERE 2 (LCS 4)   
1 05398U 71067E   23234.69244254  .00000815  00000+0  27375-3 0  9996
2 05398  87.6159 263.8675 0063949  43.7935 316.8308 14.34972147726312
COSMOS 2493 (SKRL-756 1)
1 39490U 13078A   23236.76147399  .00003080  00000+0  30286-3 0  9998
2 39490  82.4192 178.2695 0018159  95.8485 264.4805 14.91703115524567
COSMOS 2494 (SKRL-756 2)
1 39491U 13078B   23236.76345139  .00003731  00000+0  35198-3 0  9991
2 39491  82.4192 171.0534 0022345  70.7516 289.6119 14.93336680524940
