HST                     
1 20580U 90037B   23237.17461168  .00004489  00000+0  23185-3 0  9991
2 20580  28.4681 168.7815 0002502  47.1755  55.7394 15.13832761632180
POLAR                   
1 23802U 96013A   23236.61742447  .00000334  00000+0  00000+0 0  9993
2 23802  78.9353 237.4577 5775989 243.9838  46.8242  1.29847403131496
SWAS                    
1 25560U 98071A   23236.82783263  .00003740  00000+0  32904-3 0  9992
2 25560  69.9010 332.3925 0006704   2.1861 357.9325 14.97373309342837
CXO                     
1 25867U 99040B   23239.35534915  .00000981  00000+0  00000+0 0  9990
2 25867  37.3156 187.7541 9046490 269.8916   0.7443  0.37813281 24604
XMM-NEWTON              
1 25989U 99066A   23236.28452748  .00000217  00000+0  00000+0 0  9997
2 25989  68.8623 297.3875 5467842  81.4508   0.0908  0.50135900 17852
TERRA                   
1 25994U 99068A   23237.10444330  .00000570  00000+0  13010-3 0  9996
2 25994  98.0896 303.7723 0001728 167.5044 250.7207 14.59283551259834
CLUSTER II-FM7 (SAMBA)  
1 26410U 00041A   23235.81873931  .00000295  00000+0  00000+0 0  9997
2 26410 136.6591 352.9009 6695349 207.1211 359.6001  0.44230798 15726
CLUSTER II-FM6 (SALSA)  
1 26411U 00041B   23238.06761695  .00001246  00000+0  00000+0 0  9998
2 26411 142.1954   3.1045 8377091 217.0395 359.7108  0.44226759 15803
CLUSTER II-FM5 (RUMBA)  
1 26463U 00045A   23238.08344718  .00001127  00000+0  00000+0 0  9992
2 26463 145.1476   2.5849 7874087 217.3299 359.7792  0.44225193 15674
CLUSTER II-FM8 (TANGO)  
1 26464U 00045B   23235.81999657  .00000294  00000+0  00000+0 0  9993
2 26464 136.6439 352.8896 6694207 207.1051 359.7921  0.44218973 15748
ODIN                    
1 26702U 01007A   23236.79435288  .00007064  00000+0  37421-3 0  9993
2 26702  97.5022 249.5810 0007559 225.8320 134.2292 15.15689493231764
TIMED                   
1 26998U 01055B   23236.20131536  .00001691  00000+0  17934-3 0  9995
2 26998  74.0720 136.7595 0002615 254.3756 105.7137 14.89977493177424
INTEGRAL                
1 27540U 02048A   23236.33175722 -.00000200  00000+0  00000+0 0  9999
2 27540  85.1705  35.3557 8745627 289.9306  45.3105  0.37574109 22772
CORIOLIS                
1 27640U 03001A   23236.95892631  .00000171  00000+0  10210-3 0  9997
2 27640  98.7160 243.9506 0013067 292.4383  67.5408 14.19294482 68478
SORCE                   
1 27651U 03004A   23236.31089509  .00002754  00000+0  27653-3 0  9992
2 27651  39.9952 316.6259 0020788 283.3416  76.5057 14.92436618117692
MOST                    
1 27843U 03031D   23236.46954573  .00000111  00000+0  71775-4 0  9993
2 27843  98.7082 242.7422 0009632 345.6307  14.4595 14.20823647 44745
SCISAT 1                
1 27858U 03036A   23236.46718761  .00000905  00000+0  12924-3 0  9992
2 27858  73.9322  48.6867 0007911 338.7587  21.3258 14.78352169 79403
SWIFT                   
1 28485U 04047A   23236.90007899  .00008747  00000+0  46862-3 0  9994
2 28485  20.5556 136.8629 0009603  54.3061 305.8267 15.11872763 29029
CLOUDSAT                
1 29107U 06016A   23236.92424021  .00000540  00000+0  11195-3 0  9990
2 29107  98.3803 207.8987 0004003  48.0079 312.1464 14.64276265922432
CALIPSO                 
1 29108U 06016B   23236.92269022  .00001627  00000+0  31749-3 0  9993
2 29108  98.3809 207.3925 0001479  85.1555 274.9816 14.64346896922424
HINODE (SOLAR-B)        
1 29479U 06041A   23237.03327120  .00000926  00000+0  17904-3 0  9997
2 29479  98.1053 251.4730 0016872 301.7047  58.2511 14.65624442904257
SJ-6C                   
1 29505U 06046A   23237.08562240  .00004930  00000+0  40663-3 0  9998
2 29505  97.7488 260.3668 0007801 104.2994 255.9096 14.99460108917580
SJ-6D                   
1 29506U 06046B   23237.09528475  .00002384  00000+0  21992-3 0  9997
2 29506  97.7690 259.7187 0001899 156.5804 203.5504 14.95607768916904
AGILE                   
1 31135U 07013A   23237.07184129  .00048114  00000+0  57394-3 0  9991
2 31135   2.4690  12.6071 0006063 164.4507 195.5734 15.58716095911557
FGRST (GLAST)           
1 33053U 08029A   23236.90116677  .00003440  00000+0  16575-3 0  9993
2 33053  25.5824  87.1303 0011327 168.1775 191.9028 15.14446499839640
WISE                    
1 36119U 09071A   23236.67764559  .00015648  00000+0  34130-3 0  9999
2 36119  97.1906 268.7307 0003014 138.1465 222.0014 15.44312779762080
SDO                     
1 36395U 10005A   23236.62183903 -.00000080  00000+0  00000+0 0  9997
2 36395  32.5083 102.2788 0001346 217.8008 134.3713  1.00275916 49755
CRYOSAT 2               
1 36508U 10013A   23236.89761997  .00000361  00000+0  88976-4 0  9990
2 36508  92.0237  28.9647 0003123 174.0918 186.0326 14.51908474709029
X-SAT                   
1 37389U 11015C   23237.03696345  .00000125  00000+0  71089-4 0  9997
2 37389  98.3014 252.3591 0015328 117.5875 242.6864 14.24557211641934
GCOM-W1 (SHIZUKU)       
1 38337U 12025A   23236.87202910  .00000778  00000+0  18279-3 0  9990
2 38337  98.2032 176.1234 0001503  75.3116 337.6122 14.57096371599433
NUSTAR                  
1 38358U 12031A   23236.84998653  .00005288  00000+0  43107-3 0  9992
2 38358   6.0270  83.7264 0009829 132.1561 227.9404 14.92522024609735
NEOSSAT                 
1 39089U 13009D   23236.45902508  .00000190  00000+0  81578-4 0  9993
2 39089  98.4096  66.6419 0012389  71.0936 289.1592 14.34915246549304
BRITE-AUSTRIA           
1 39091U 13009F   23236.51867884  .00000240  00000+0  98254-4 0  9995
2 39091  98.3910  67.2401 0011568  70.0196 290.2235 14.35531056549552
IRIS                    
1 39197U 13033A   23236.53796265  .00001329  00000+0  17917-3 0  9990
2 39197  97.9707  63.9575 0028119  68.0021 292.4174 14.80559690548028
HISAKI (SPRINT-A)       
1 39253U 13049A   23236.80473261  .00000064  00000+0 -44107-6 0  9998
2 39253  29.7211  42.4570 0137357 328.8574  30.3917 13.55339989491935
CASSIOPE                
1 39265U 13055A   23237.07344030  .00022129  00000+0  52396-3 0  9990
2 39265  80.9602 162.4983 0562854  99.2748 267.2523 14.53800402514963
STSAT-3                 
1 39422U 13066G   23237.04699708  .00002714  00000+0  26831-3 0  9992
2 39422  97.4902 224.8533 0019814 274.7634  85.1323 14.92560894530464
SWARM B                 
1 39451U 13067A   23236.88407123  .00003512  00000+0  14576-3 0  9994
2 39451  87.7459 291.4089 0003219  96.9287 263.2326 15.23523474526848
SWARM A                 
1 39452U 13067B   23236.87687514  .00005094  00000+0  18684-3 0  9999
2 39452  87.3409  69.5993 0003155  96.6272 263.5336 15.27728466548309
SWARM C                 
1 39453U 13067C   23236.94228173  .00005066  00000+0  18583-3 0  9997
2 39453  87.3374  68.1754 0003118  97.0592 263.1011 15.27728840548278
BRITE-CA1 (TORONTO)     
1 40020U 14033L   23236.99556964  .00000903  00000+0  15735-3 0  9991
2 40020  97.8353  20.6499 0084212 321.3916  38.1287 14.68159075491352
OCO 2                   
1 40059U 14035A   23237.13337048  .00000686  00000+0  16229-3 0  9999
2 40059  98.2030 177.1197 0001513  81.9593 278.1777 14.57087206486490
BRITE-PL2 (HEWELIUSZ)   
1 40119U 14049B   23236.48792836  .00002256  00000+0  25842-3 0  9994
2 40119  97.8822 333.0595 0015207 262.5820  97.3668 14.86880336488311
RESURS P2               
1 40360U 14087A   23237.06214722  .00013357  00000+0  28077-3 0  9999
2 40360  97.1781 319.7486 0006429 326.6947  33.3897 15.45422607484997
MMS 1                   
1 40482U 15011A   23237.25001157 -.00002398  00000+0  00000+0 0  9995
2 40482  30.8168  50.5810 9186945 109.9132 335.1069  0.28651592 14530
MMS 2                   
1 40483U 15011B   23237.25001157 -.00002399  00000+0  00000+0 0  9997
2 40483  30.8145  50.5912 9188164 109.8985 335.1383  0.28651859 14512
MMS 3                   
1 40484U 15011C   23237.25001157 -.00002397  00000+0  00000+0 0  9996
2 40484  30.8049  50.5821 9187347 109.9131 335.1124  0.28661826 14519
MMS 4                   
1 40485U 15011D   23237.25001157 -.00002399  00000+0  00000+0 0  9999
2 40485  30.8128  50.5857 9188464 109.9162 335.1052  0.28651867 14516
ASTROSAT                
1 40930U 15052A   23236.94868610  .00002068  00000+0  19374-3 0  9999
2 40930   5.9978 324.4969 0008414 179.3583 180.6555 14.77760166427408
DAMPE                   
1 41173U 15078A   23237.04174255  .00001639  00000+0  66862-4 0  9992
2 41173  97.4096 227.4994 0014954 109.5190 250.7665 15.25777430427654
PISAT                   
1 41784U 16059B   23236.09528024  .00000983  00000+0  19149-3 0  9997
2 41784  97.8662 266.4800 0029975 238.2577 121.5705 14.64865688369001
HXMT (HUIYAN)           
1 42758U 17034A   23237.04965892  .00005801  00000+0  33791-3 0  9990
2 42758  43.0147 119.1904 0003349  85.5089 274.6139 15.12700935341795
FLYING LAPTOP           
1 42831U 17042G   23236.91018648  .00001417  00000+0  14005-3 0  9990
2 42831  97.3897  70.5132 0013480   2.8149 357.3145 14.93323185332747
PICSAT                  
1 43132U 18004X   23236.19370315  .00200511  00000+0  13526-2 0  9998
2 43132  97.3179 322.1254 0005783 226.7037 133.3746 15.74498675313189
ZHANGZHENG-1 (CSES)     
1 43194U 18015C   23237.08645996  .00012122  00000+0  55659-3 0  9990
2 43194  97.5740  13.6020 0006934 108.3742 251.8247 15.20533265308534
SALSAT                  
1 46495U 20068K   23236.39698116  .00004699  00000+0  30574-3 0  9992
2 46495  97.7735 185.1671 0013509 244.9139 115.0687 15.08403628159355
IXPE                    
1 49954U 21121A   23236.30507418  .00004794  00000+0  36071-3 0  9995
2 49954   0.2302  77.2425 0010243 190.6802  91.9600 14.94510583 93224
