CALSPHERE 1             
1 00900U 64063C   21022.53559826  .00000220  00000-0  22513-3 0  9998
2 00900  90.1563  31.9823 0029138 116.2994   4.4492 13.73473227800523
CALSPHERE 2             
1 00902U 64063E   21022.55278957  .00000024  00000-0  22502-4 0  9996
2 00902  90.1668  34.7391 0018085 184.6907 293.6593 13.52690735589704
LCS 1                   
1 01361U 65034C   21022.56845348  .00000026  00000-0  23051-2 0  9990
2 01361  32.1367 178.2932 0008863 223.0132 136.9673  9.89298950 14633
TEMPSAT 1               
1 01512U 65065E   21022.60592657  .00000025  00000-0  31895-4 0  9995
2 01512  89.8824 223.5822 0070649  26.3617  35.6743 13.33434465697292
CALSPHERE 4(A)          
1 01520U 65065H   21022.58156473  .00000043  00000-0  66682-4 0  9995
2 01520  90.0255 129.7483 0068392 263.3460 107.5849 13.35832634699452
OPS 5712 (P/L 160)      
1 02826U 67053A   21022.83911787  .00000487  00000-0  14357-3 0  9992
2 02826  69.9281  45.4472 0008180 311.2685  48.7742 14.49345296779220
OPS 5712 (P/L 153)      
1 02874U 67053H   21022.40095775 -.00000010  00000-0  31051-4 0  9992
2 02874  69.9744  19.7344 0010210 245.1451 114.8593 13.96361724731516
SURCAL 150B             
1 02909U 67053J   21022.50498017  .00000685  00000-0  14974-3 0  9999
2 02909  69.9477  59.6606 0003746 318.8673  41.2184 14.62108964788893
RIGIDSPHERE 2 (LCS 4)   
1 05398U 71067E   21022.50621683  .00000158  00000-0  49499-4 0  9997
2 05398  87.6282 163.9579 0061391 270.4473  88.9689 14.33953294591036
