GOES 1 (SMS-C) [-]      
1 08366U 75100A   21026.55645885  .00000052  00000-0  00000-0 0  9990
2 08366   9.4625 302.1754 0003237 346.5134 274.2406  1.00242874165335
GOES 2 [-]              
1 10061U 77048A   21026.44370045  .00000113  00000-0  00000-0 0  9997
2 10061  10.9532 312.6232 0015735   7.2465 185.0274  0.99396255 26715
GOES 3 [-]              
1 10953U 78062A   21025.60628993 -.00000275  00000-0  00000-0 0  9999
2 10953  11.2320 316.7728 0003164  30.9683 145.1205  0.99365299108971
GOES 4 [-]              
1 11964U 80074A   21026.78692660 -.00000045  00000-0  00000+0 0  9994
2 11964  12.1394 320.5392 0034886  53.0867 128.5206  0.99227282108100
GOES 5 [-]              
1 12472U 81049A   21026.41370257  .00000018  00000-0  00000-0 0  9997
2 12472  12.7811 331.4459 0002876 355.9951 186.2627  1.00211573103115
GOES 6 [-]              
1 14050U 83041A   21026.55645885  .00000020  00000-0  00000-0 0  9995
2 14050  13.2397 336.5893 0002429  57.6397 169.7305  1.00228285196283
GOES 7 [-]              
1 17561U 87022A   21026.55083762  .00000103  00000-0  00000-0 0  9990
2 17561  14.6365 352.9061 0007434  15.8647 162.2359  0.99900502107305
GOES 8 [-]              
1 23051U 94022A   21026.21386583 -.00000238  00000-0  00000-0 0  9999
2 23051  12.7388  27.8762 0007760 332.3755 181.6169  0.98907331104661
GOES 9 [-]              
1 23581U 95025A   21026.52457958  .00000036  00000-0  00000-0 0  9995
2 23581  12.2273  27.9554 0003495  36.8488 325.0296  0.98797486 93320
GOES 10 [-]             
1 24786U 97019A   21026.12634703  .00000066  00000-0  00000-0 0  9992
2 24786  10.8502  33.7849 0025603 197.4103 177.8897  0.99121758 86564
GOES 11 [-]             
1 26352U 00022A   21026.20084660  .00000046  00000-0  00000-0 0  9999
2 26352   7.6230  63.2561 0003630 245.5158 140.9199  0.99040125 32988
GOES 12 [-]             
1 26871U 01031A   21026.36423972 -.00000205  00000-0  00000-0 0  9994
2 26871   8.6219  51.4005 0008667 287.6419 268.9322  0.99140663 71256
EWS-G1 (GOES 13) [+]    
1 29155U 06018A   21026.52196250  .00000047  00000-0  00000-0 0  9999
2 29155   0.3865 103.6570 0006185 136.4210 135.3729  1.00274363 23635
GOES 14 [B]             
1 35491U 09033A   21026.63240333 -.00000083  00000-0  00000+0 0  9993
2 35491   0.0802 230.0778 0012067 358.5948  20.8769  1.00271602 42422
GOES 15 [B]             
1 36411U 10008A   21026.48418928  .00000062  00000-0  00000-0 0  9997
2 36411   0.4148  98.7389 0002301 309.0920 124.6998  1.00281018 39942
GOES 16 [+]             
1 41866U 16071A   21026.78172799 -.00000238  00000-0  00000+0 0  9994
2 41866   0.0389 219.9941 0001633 107.0476   5.4422  1.00271362 15386
GOES 17 [+]             
1 43226U 18022A   21026.69748142  .00000108  00000-0  00000+0 0  9990
2 43226   0.0604 238.5438 0000724  75.5490 285.9443  1.00270850 10701
