SAUDISAT 1C             
1 27607U 02058C   23236.66703391  .00001658  00000+0  24434-3 0  9997
2 27607  64.5540  54.9524 0062099 210.3375 149.4129 14.77514417112559
SAUDISAT 2              
1 28371U 04025F   23236.67408258  .00000441  00000+0  11302-3 0  9996
2 28371  98.4385 200.9527 0024663 210.6125 149.3634 14.55011591 16271
SAUDISAT 3              
1 31118U 07012B   23235.34213687  .00000470  00000+0  86948-4 0  9992
2 31118  98.0162 178.3819 0013586 260.3599  99.6072 14.69763732876581
PISAT                   
1 41784U 16059B   23235.07067703  .00001016  00000+0  19764-3 0  9997
2 41784  97.8663 265.5000 0029912 241.6544 118.1642 14.64863689368850
FLYING LAPTOP           
1 42831U 17042G   23236.77617381  .00001413  00000+0  13960-3 0  9998
2 42831  97.3897  70.3873 0013489   3.2575 356.8731 14.93322634332725
SALSAT                  
1 46495U 20068K   23235.07023848  .00005303  00000+0  34458-3 0  9998
2 46495  97.7734 183.8242 0013536 250.0963 109.8806 15.08390725159151
