SAUDISAT 1C             
1 27607U 02058C   21054.18206264  .00000061  00000-0  29166-4 0  9993
2 27607  64.5570 327.7669 0030326  69.2512 291.1836 14.75714319977858
SAUDISAT 2              
1 28371U 04025F   21054.27253414 -.00000076  00000-0 -69814-5 0  9990
2 28371  98.3130   7.0708 0026071 137.3127 223.0106 14.54414151883631
SAUDISAT 3              
1 31118U 07012B   21054.33363848  .00000011  00000-0  10002-4 0  9993
2 31118  97.9068   9.8901 0013797 284.1596  75.8077 14.69191889742805
PISAT                   
1 41784U 16059B   21054.40841596  .00000126  00000-0  33083-4 0  9994
2 41784  97.9843 109.6111 0030804 240.9488 118.8628 14.63589652235615
FLYING LAPTOP           
1 42831U 17042G   21054.02471852  .00000500  00000-0  55492-4 0  9997
2 42831  97.4884 289.7116 0014492 162.8815 197.2882 14.91244923196636
SALSAT                  
1 46495U 20068K   21053.84990421  .00000029  00000-0  66993-5 0  9991
2 46495  97.6829 352.0979 0017797  96.5800 263.7468 15.03337964 22118
