PROBA-1                 
1 26958U 01049B   23237.12509860  .00004021  00000+0  32403-3 0  9993
2 26958  97.8790 204.1408 0066927 338.0258  21.8097 14.98761376189366
BIRD 2                  
1 26959U 01049C   23236.34775125  .00148890  00000+0  66557-3 0  9996
2 26959  97.7748  11.1436 0004861 232.3220 127.7608 15.83802754520522
CUTE-1 (CO-55)          
1 27844U 03031E   23236.81424315  .00000411  00000+0  20238-3 0  9999
2 27844  98.6795 243.0711 0008582 289.6660  70.3592 14.22853060 45522
CUBESAT XI-IV (CO-57)   
1 27848U 03031J   23236.49745138  .00000342  00000+0  17345-3 0  9994
2 27848  98.6831 243.1480 0008685 307.9095  52.1297 14.22353708 45211
GENESIS 1               
1 29252U 06029A   23236.55357967  .00008714  00000+0  32257-3 0  9991
2 29252  64.5194  82.0394 0017009 208.7456 151.2736 15.28129233944969
GENESIS 2               
1 31789U 07028A   23236.18133574  .00008201  00000+0  30505-3 0  9999
2 31789  64.4936 127.6968 0054406 251.9206 107.5990 15.26781826891785
APRIZESAT 4             
1 35684U 09041D   23237.07240920  .00001055  00000+0  14282-3 0  9991
2 35684  98.2802 270.0857 0046856  40.9097 319.5614 14.80519916759255
APRIZESAT 3             
1 35686U 09041F   23236.52681789  .00001771  00000+0  18439-3 0  9997
2 35686  98.1015 337.9221 0069425 208.5496 151.1912 14.89460291763034
PROBA-2                 
1 36037U 09059B   23236.87503564  .00000306  00000+0  83909-4 0  9997
2 36037  98.2283  60.4780 0012733 207.4692 152.5833 14.53587239732213
APRIZESAT 5             
1 37792U 11044E   23237.11656738  .00001211  00000+0  17620-3 0  9995
2 37792  98.2670 129.0614 0057975  61.0040 299.6963 14.76715388647112
APRIZESAT 6             
1 37793U 11044F   23236.86975785  .00000840  00000+0  13533-3 0  9999
2 37793  98.3438 107.4505 0047101 120.7513 299.1374 14.73561252645679
PROBA-V                 
1 39159U 13021A   23236.82854348  .00000111  00000+0  67054-4 0  9990
2 39159  98.3188 254.8274 0002949 259.8362 100.2485 14.23143334534962
APRIZESAT 7             
1 39416U 13066A   23236.87226663  .00001933  00000+0  22494-3 0  9994
2 39416  97.6257 202.1434 0040036  12.0463 348.1701 14.85846594528368
APRIZESAT 8             
1 39425U 13066K   23236.47425558  .00001614  00000+0  20127-3 0  9991
2 39425  97.6838 194.2741 0051812  62.9123 297.7363 14.82810895527102
BUGSAT-1 (TITA)         
1 40014U 14033E   23236.87735527  .00005324  00000+0  42672-3 0  9997
2 40014  98.1346 258.9137 0035633  45.0494 315.3609 15.00089876501011
SAUDISAT 4              
1 40016U 14033G   23237.07044569  .00001003  00000+0  14903-3 0  9997
2 40016  97.6454  53.2146 0047655 172.3048 187.8904 14.76306275494376
APRIZESAT 9             
1 40018U 14033J   23236.68701666  .00000860  00000+0  14310-3 0  9995
2 40018  97.7625  30.3483 0068683 262.3414  96.9990 14.71043262492327
APRIZESAT 10            
1 40019U 14033K   23236.97531789  .00000588  00000+0  10609-3 0  9999
2 40019  97.8253  21.4352 0081798 313.7677  45.6778 14.68030428491562
TDS 1                   
1 40076U 14037H   23236.75315622  .00004738  00000+0  50651-3 0  9990
2 40076  98.3357 137.4964 0008026 103.8654 256.3455 14.89260747494107
TIANTUO 2               
1 40144U 14053B   23237.15149480  .00013558  00000+0  27057-3 0  9990
2 40144  97.1561 314.7149 0009999  69.6218 290.6105 15.46905852501904
TECHNOSAT               
1 42829U 17042E   23237.11685528  .00002061  00000+0  19804-3 0  9995
2 42829  97.3879  70.4476 0013320   0.8131 359.3109 14.93996799332789
FLYING LAPTOP           
1 42831U 17042G   23236.91018648  .00001417  00000+0  14005-3 0  9990
2 42831  97.3897  70.5132 0013480   2.8149 357.3145 14.93323185332747
HAWK-A                  
1 43765U 18099H   23236.85148572  .00003986  00000+0  32579-3 0  9992
2 43765  97.5652 298.1869 0010417 239.3052 120.7145 14.99884599258035
HAWK-B                  
1 43794U 18099AN  23237.11870696  .00004023  00000+0  32882-3 0  9993
2 43794  97.5654 298.4456 0010366 239.2484 120.7720 14.99887243258066
HAWK-C                  
1 43799U 18099AT  23236.71827172  .00003979  00000+0  32523-3 0  9995
2 43799  97.5651 297.9542 0010289 240.0474 119.9728 14.99884072258752
SALSAT                  
1 46495U 20068K   23236.39698116  .00004699  00000+0  30574-3 0  9992
2 46495  97.7735 185.1671 0013509 244.9139 115.0687 15.08403628159355
HAWK-2C                 
1 47502U 21006CT  23237.13242185  .00010290  00000+0  49767-3 0  9997
2 47502  97.3804 289.4667 0008267 213.5874 146.4838 15.18758195142894
HAWK-2A                 
1 47505U 21006CW  23236.73736883  .00009697  00000+0  46938-3 0  9994
2 47505  97.3804 289.1893 0008167 214.5202 145.5503 15.18747402142832
HAWK-2B                 
1 47508U 21006CZ  23236.73757031  .00010075  00000+0  48744-3 0  9994
2 47508  97.3805 289.0796 0008452 216.1112 143.9553 15.18751198142836
HAWK-3B                 
1 48931U 21059BE  23236.78630354  .00008707  00000+0  38833-3 0  9993
2 48931  97.5926  11.2467 0014755  46.5082 313.7377 15.21551713119714
HAWK-3C                 
1 48948U 21059BX  23236.39147196  .00008065  00000+0  35985-3 0  9997
2 48948  97.6192  13.3791 0015784  50.7920 309.4714 15.21549587119658
HAWK-3A                 
1 48957U 21059CG  23236.32553129  .00008082  00000+0  36064-3 0  9995
2 48957  97.6059  12.0529 0015745  45.5038 314.7482 15.21546532119641
HAWK-4B                 
1 52165U 22033J   23236.66219004  .00009604  00000+0  33953-3 0  9997
2 52165  97.3530 316.3657 0007612 292.7744  67.2692 15.29362123 77707
HAWK-4A                 
1 52167U 22033L   23236.20390799  .00008974  00000+0  31753-3 0  9995
2 52167  97.3481 315.6117 0007044 294.6973  65.3534 15.29359677 77637
HAWK-4C                 
1 52170U 22033P   23236.53090055  .00009799  00000+0  34623-3 0  9992
2 52170  97.3528 316.2214 0008833 277.5153  82.5084 15.29365414 77687
HAWK-5C                 
1 52754U 22057Y   23236.31295001  .00006002  00000+0  30185-3 0  9993
2 52754  97.5598 352.3332 0010280 105.6421 254.5947 15.17569427 68950
HAWK-5B                 
1 52756U 22057AA  23236.31280125  .00006061  00000+0  30468-3 0  9995
2 52756  97.5441 351.3676 0010963 101.0046 259.2421 15.17574149 68956
HAWK-5A                 
1 52757U 22057AB  23237.10381392  .00006403  00000+0  32158-3 0  9990
2 52757  97.5518 352.6361 0011273 101.8482 258.4016 15.17582830 69075
HAWK-6B                 
1 55324U 23011A   23237.08446895  .00004001  00000+0  26696-3 0  9993
2 55324  40.5176 152.5298 0006339 255.9215 104.0885 15.07860621 31990
HAWK-6C                 
1 55326U 23011C   23236.81923239  .00003939  00000+0  26292-3 0  9998
2 55326  40.4860 153.4045 0006163 247.6718 112.3433 15.07858912 31960
HAWK-6A                 
1 55327U 23011D   23236.81910538  .00003926  00000+0  26213-3 0  9996
2 55327  40.5021 153.7421 0006060 244.5110 115.5068 15.07857889 31961
HAWK-7A                 
1 56191U 23054P   23236.23924899  .00006328  00000+0  27435-3 0  9990
2 56191  97.3986 130.2620 0012864 137.5836 222.6397 15.22645029 20531
HAWK-7B                 
1 56193U 23054R   23236.76495942  .00006472  00000+0  28062-3 0  9999
2 56193  97.3854 130.4853 0012217 123.8043 236.4358 15.22634551 20614
HAWK-7C                 
1 56200U 23054Y   23236.63320867  .00006281  00000+0  27240-3 0  9992
2 56200  97.3924 130.5047 0013273 128.3492 231.8939 15.22629091 20592
