NOAA 15                 
1 25338U 98030A   23237.04279269  .00000232  00000+0  11432-3 0  9997
2 25338  98.6029 264.9120 0011514 111.1619 249.0793 14.26377339315078
NOAA 18                 
1 28654U 05018A   23237.10810769  .00000229  00000+0  14639-3 0  9996
2 28654  98.9059 311.1554 0014384 180.8755 179.2394 14.12993007941309
NOAA 19                 
1 33591U 09005A   23237.09049731  .00000208  00000+0  13649-3 0  9990
2 33591  99.0944 284.1011 0014577  52.3702 307.8789 14.12809252749677
METOP-B                 
1 38771U 12049A   23237.14785868  .00000135  00000+0  81546-4 0  9992
2 38771  98.6732 295.3517 0001204 106.9241 315.9702 14.21505567567343
SARAL                   
1 39086U 13009A   23236.91231884  .00000134  00000+0  65785-4 0  9993
2 39086  98.5497  61.2070 0003083  84.6277 275.5258 14.32249638548524
METOP-C                 
1 43689U 18087A   23237.10221769  .00000141  00000+0  84343-4 0  9990
2 43689  98.6778 295.4785 0002055 200.3594 159.7502 14.21508479248916
ANGELS                  
1 44876U 19092D   23236.92774500  .00005394  00000+0  23856-3 0  9997
2 44876  97.4796  61.1701 0009504 288.4673  71.5530 15.22072987204072
GAZELLE                 
1 54023U 22127A   23236.92707710  .00000235  00000+0  84597-4 0  9993
2 54023  98.3272 233.1429 0014454  52.2496 308.0001 14.41883803 46289
EOS-6 (OCEANSAT-3)      
1 54361U 22158A   23237.09118181  .00000480  00000+0  14394-3 0  9998
2 54361  98.3539 333.1455 0001095  93.0708 267.0610 14.46981935 39301
